기간	자치구	구분	합계	합계	합계	합계	합계	조직형태별	조직형태별	조직형태별	조직형태별	조직형태별	조직형태별	조직형태별	조직형태별	사업체구분별	사업체구분별	사업체구분별	사업체구분별	사업체구분별	사업체구분별
기간	자치구	구분	합계	합계	합계	합계	합계	개인	개인	회사법인	회사법인	회사이외의 법인	회사이외의 법인	비법인단체	비법인단체	단독	단독	본사본점 등	본사본점 등	공장지사(점)영업소	공장지사(점)영업소
기간	자치구	구분	사업체수	사업체수	종사자수	종사자수	종사자수	사업체수	종사자수	사업체수	종사자수	사업체수	종사자수	사업체수	종사자수	사업체수	종사자수	사업체수	종사자수	사업체수	종사자수
기간	자치구	구분	사업체수	여성대표자	계	남	여	사업체수	종사자수	사업체수	종사자수	사업체수	종사자수	사업체수	종사자수	사업체수	종사자수	사업체수	종사자수	사업체수	종사자수
2013	서울시	합계	785,094	260,341	4,585,090	2,606,372	1,978,718	618,048	1,491,905	129,607	2,351,002	16,039	631,132	21,400	111,051	736,700	2,947,155	14,597	963,804	33,797	674,131
2013	서울시	농업 임업 및 어업	18	3	276	231	45	-	-	13	94	5	182	-	-	11	43	5	218	2	15
2013	서울시	광업	22	1	595	429	166	1	2	20	66	1	527	-	-	17	50	5	545	-	-
2013	서울시	제조업	58,551	11,983	272,972	160,242	112,730	49,905	149,495	8,539	121,788	78	1,249	29	440	56,730	218,172	1,121	42,295	700	12,505
2013	서울시	전기 가스 증기 및 수도사업	122	3	10,148	8,529	1,619	8	13	57	4,043	56	6,087	1	5	57	2,109	22	5,353	43	2,686
2013	서울시	하수폐기물처리 원료재생 및 환경복원업	448	48	6,536	5,679	857	70	222	305	5,747	73	567	-	-	398	5,497	21	656	29	383
2013	서울시	건설업	21,027	2,449	286,131	245,786	40,345	10,764	23,434	10,241	261,810	16	866	6	21	19,724	171,742	732	90,170	571	24,219
2013	서울시	도매 및 소매업	226,629	82,337	826,015	472,990	353,025	179,569	369,554	46,425	451,089	511	4,735	124	637	211,336	562,976	4,605	140,741	10,688	122,298
2013	서울시	운수업	93,368	3,719	256,611	217,186	39,425	88,028	97,981	4,658	143,809	627	14,526	55	295	91,548	173,252	711	55,640	1,109	27,719
2013	서울시	숙박 및 음식점업	123,634	70,668	443,079	178,336	264,743	116,989	345,766	6,411	94,756	156	2,195	78	362	118,710	367,739	455	13,589	4,469	61,751
2013	서울시	출판 영상 방송통신 및 정보서비스업	19,240	2,743	314,316	217,657	96,659	5,821	17,469	12,877	276,310	464	20,144	78	393	17,600	195,721	807	84,210	833	34,385
2013	서울시	금융 및 보험업	10,165	1,370	257,803	136,778	121,025	1,350	2,636	7,370	215,658	1,415	39,300	30	209	3,782	34,490	660	104,574	5,723	118,739
2013	서울시	부동산업 및 임대업	34,629	10,867	139,538	92,678	46,860	24,725	42,883	5,786	59,942	377	4,391	3,741	32,322	32,771	106,857	611	17,766	1,247	14,915
2013	서울시	전문 과학 및 기술 서비스업	33,624	4,733	399,412	266,949	132,463	17,479	58,542	13,288	283,482	2,547	55,591	310	1,797	29,072	191,718	2,348	157,269	2,204	50,425
2013	서울시	사업시설관리 및 사업지원 서비스업	12,495	3,045	360,854	175,802	185,052	4,604	16,441	7,375	333,586	202	8,336	314	2,491	10,432	180,324	897	142,987	1,166	37,543
2013	서울시	공공행정 국방 및 사회보장 행정	1,267	72	133,561	91,110	42,451	-	-	-	-	1,267	133,561	-	-	1,240	129,462	11	3,414	16	685
2013	서울시	교육 서비스업	32,240	16,796	313,846	124,956	188,890	25,317	71,753	3,339	51,079	2,631	183,682	953	7,332	29,549	184,865	550	57,256	2,141	71,725
2013	서울시	보건업 및 사회복지 서비스업	24,984	9,551	280,428	64,675	215,753	21,506	146,799	173	2,415	1,454	108,179	1,851	23,035	23,891	189,358	236	25,252	857	65,818
2013	서울시	예술 스포츠 및 여가관련 서비스업	21,122	8,435	77,465	43,221	34,244	19,043	42,211	948	14,184	633	18,665	498	2,405	20,518	60,363	126	4,927	478	12,175
2013	서울시	협회 및 단체 수리 및 기타 개인서비스업	71,509	31,518	205,504	103,138	102,366	52,869	106,704	1,782	31,144	3,526	28,349	13,332	39,307	69,314	172,417	674	16,942	1,521	16,145
2013	종로구	합계	39,326	12,850	235,681	132,534	103,147	31,528	74,092	5,649	111,604	1,115	45,608	1,034	4,377	36,987	137,856	772	69,315	1,567	28,510
2013	종로구	광업	5	-	17	12	5	-	-	5	17	-	-	-	-	4	12	1	5	-	-
2013	종로구	제조업	3,948	1,000	11,749	6,889	4,860	3,741	8,633	203	3,108	2	5	2	3	3,881	9,440	38	628	29	1,681
2013	종로구	전기 가스 증기 및 수도사업	5	-	49	30	19	1	1	4	48	-	-	-	-	3	9	1	20	1	20
2013	종로구	하수폐기물처리 원료재생 및 환경복원업	7	3	135	125	10	1	3	6	132	-	-	-	-	7	135	-	-	-	-
2013	종로구	건설업	323	20	16,725	13,586	3,139	169	323	154	16,402	-	-	-	-	292	1,533	19	13,243	12	1,949
2013	종로구	도매 및 소매업	17,267	5,683	42,078	25,287	16,791	15,362	27,133	1,863	14,715	32	210	10	20	16,617	34,049	212	3,960	438	4,069
2013	종로구	운수업	1,445	101	6,226	4,381	1,845	1,017	1,566	405	4,366	22	292	1	2	1,350	3,175	48	2,578	47	473
2013	종로구	숙박 및 음식점업	6,286	3,482	24,673	9,697	14,976	5,827	19,134	438	5,427	10	69	11	43	5,938	20,183	27	257	321	4,233
2013	종로구	출판 영상 방송통신 및 정보서비스업	776	155	14,491	9,252	5,239	346	987	360	11,887	51	1,536	19	81	697	7,296	41	5,190	38	2,005
2013	종로구	금융 및 보험업	500	55	16,501	9,067	7,434	74	113	363	15,314	63	1,074	-	-	223	3,287	42	8,594	235	4,620
2013	종로구	부동산업 및 임대업	1,107	250	5,862	4,007	1,855	725	1,357	268	3,582	35	349	79	574	1,008	3,609	41	1,309	58	944
2013	종로구	전문 과학 및 기술 서비스업	1,433	243	22,216	13,545	8,671	718	5,371	515	14,217	137	2,233	63	395	1,258	10,984	95	9,075	80	2,157
2013	종로구	사업시설관리 및 사업지원 서비스업	1,134	295	20,001	7,643	12,358	300	673	786	18,986	15	183	33	159	978	7,946	75	11,040	81	1,015
2013	종로구	공공행정 국방 및 사회보장 행정	89	5	17,239	12,809	4,430	-	-	-	-	89	17,239	-	-	88	17,096	1	143	-	-
2013	종로구	교육 서비스업	866	351	12,325	5,821	6,504	515	1,796	159	2,149	133	8,146	59	234	745	5,649	33	3,662	88	3,014
2013	종로구	보건업 및 사회복지 서비스업	654	208	12,522	3,330	9,192	533	2,787	6	43	76	9,116	39	576	600	4,099	19	7,598	35	825
2013	종로구	예술 스포츠 및 여가관련 서비스업	854	262	5,022	2,767	2,255	655	1,534	89	972	70	2,396	40	120	803	3,337	13	824	38	861
2013	종로구	협회 및 단체 수리 및 기타 개인서비스업	2,627	737	7,850	4,286	3,564	1,544	2,681	25	239	380	2,760	678	2,170	2,495	6,017	66	1,189	66	644
2013	중구	합계	64,846	23,162	370,070	209,289	160,781	54,227	117,909	8,907	200,897	976	47,376	736	3,888	60,928	207,921	1,280	113,171	2,638	48,978
2013	중구	농업 임업 및 어업	1	-	12	10	2	-	-	1	12	-	-	-	-	-	-	-	-	1	12
2013	중구	제조업	9,959	1,788	26,614	18,415	8,199	9,218	21,100	728	5,410	10	92	3	12	9,799	24,768	85	1,457	75	389
2013	중구	전기 가스 증기 및 수도사업	6	-	646	500	146	-	-	4	260	2	386	-	-	2	189	3	259	1	198
2013	중구	하수폐기물처리 원료재생 및 환경복원업	9	-	135	120	15	-	-	9	135	-	-	-	-	8	133	-	-	1	2
2013	중구	건설업	398	38	7,517	6,039	1,478	210	354	187	7,103	1	60	-	-	361	1,688	23	3,390	14	2,439
2013	중구	도매 및 소매업	34,681	15,285	92,071	46,633	45,438	31,622	57,798	3,011	33,980	40	243	8	50	33,418	68,424	376	13,968	887	9,679
2013	중구	운수업	1,713	144	12,756	8,537	4,219	951	2,052	721	10,364	39	323	2	17	1,457	5,144	140	5,152	116	2,460
2013	중구	숙박 및 음식점업	5,931	3,135	29,986	12,675	17,311	5,342	17,967	571	11,560	16	451	2	8	5,478	21,482	49	3,956	404	4,548
2013	중구	출판 영상 방송통신 및 정보서비스업	939	150	27,320	18,796	8,524	365	1,053	537	24,731	27	1,511	10	25	813	9,800	61	14,625	65	2,895
2013	중구	금융 및 보험업	1,250	191	53,776	30,845	22,931	285	560	875	46,418	87	6,742	3	56	628	8,191	105	30,902	517	14,683
2013	중구	부동산업 및 임대업	1,498	303	8,130	5,692	2,438	887	1,697	488	5,386	33	279	90	768	1,327	5,018	68	1,664	103	1,448
2013	중구	전문 과학 및 기술 서비스업	2,840	464	35,051	21,915	13,136	1,962	5,574	722	26,930	130	2,336	26	211	2,552	13,261	177	19,192	111	2,598
2013	중구	사업시설관리 및 사업지원 서비스업	1,290	261	26,964	12,464	14,500	438	1,155	815	24,927	15	752	22	130	1,061	11,436	104	12,323	125	3,205
2013	중구	공공행정 국방 및 사회보장 행정	73	8	20,251	13,649	6,602	-	-	-	-	73	20,251	-	-	71	19,202	2	1,049	-	-
2013	중구	교육 서비스업	510	228	7,644	3,566	4,078	282	737	102	1,427	94	5,245	32	235	421	3,155	23	3,240	66	1,249
2013	중구	보건업 및 사회복지 서비스업	673	184	8,097	2,303	5,794	573	3,492	6	128	58	4,099	36	378	636	6,294	6	304	31	1,499
2013	중구	예술 스포츠 및 여가관련 서비스업	619	187	3,613	1,952	1,661	520	1,067	48	1,222	34	1,226	17	98	587	2,478	4	175	28	960
2013	중구	협회 및 단체 수리 및 기타 개인서비스업	2,456	796	9,487	5,178	4,309	1,572	3,303	82	904	317	3,380	485	1,900	2,309	7,258	54	1,515	93	714
2013	용산구	합계	20,067	6,562	127,151	73,301	53,850	14,793	35,306	4,276	65,869	531	21,913	467	4,063	18,463	72,039	475	30,696	1,129	24,416
2013	용산구	광업	1	-	7	4	3	-	-	1	7	-	-	-	-	-	-	1	7	-	-
2013	용산구	제조업	1,005	187	3,485	2,002	1,483	899	2,717	103	728	2	39	1	1	983	3,230	15	193	7	62
2013	용산구	전기 가스 증기 및 수도사업	2	-	5	2	3	1	1	1	4	-	-	-	-	1	1	1	4	-	-
2013	용산구	하수폐기물처리 원료재생 및 환경복원업	8	3	126	106	20	1	3	4	85	3	38	-	-	6	90	-	-	2	36
2013	용산구	건설업	414	40	10,658	9,085	1,573	208	358	202	9,850	4	450	-	-	372	2,787	19	4,839	23	3,032
2013	용산구	도매 및 소매업	7,661	2,201	29,140	19,102	10,038	5,284	10,158	2,357	18,673	17	258	3	51	7,066	19,153	205	6,293	390	3,694
2013	용산구	운수업	1,354	79	4,258	3,470	788	1,240	1,588	90	1,702	24	968	-	-	1,291	2,303	19	521	44	1,434
2013	용산구	숙박 및 음식점업	3,743	2,128	15,908	7,188	8,720	3,410	10,572	322	5,251	7	74	4	11	3,522	11,986	28	1,599	193	2,323
2013	용산구	출판 영상 방송통신 및 정보서비스업	475	75	7,607	4,570	3,037	181	544	274	6,245	19	817	1	1	431	3,319	17	1,272	27	3,016
2013	용산구	금융 및 보험업	285	38	6,178	3,075	3,103	41	66	200	5,566	43	535	1	11	86	422	17	1,169	182	4,587
2013	용산구	부동산업 및 임대업	1,023	352	3,909	2,613	1,296	773	1,211	127	1,368	17	129	106	1,201	977	3,079	16	537	30	293
2013	용산구	전문 과학 및 기술 서비스업	610	91	10,439	6,852	3,587	316	881	241	5,731	45	3,808	8	19	524	2,971	46	6,819	40	649
2013	용산구	사업시설관리 및 사업지원 서비스업	302	79	9,229	3,646	5,583	102	867	185	8,150	7	123	8	89	249	4,723	22	3,237	31	1,269
2013	용산구	공공행정 국방 및 사회보장 행정	48	1	4,152	2,674	1,478	-	-	-	-	48	4,152	-	-	48	4,152	-	-	-	-
2013	용산구	교육 서비스업	509	280	7,631	2,522	5,109	346	944	55	817	84	5,474	24	396	438	3,858	17	2,611	54	1,162
2013	용산구	보건업 및 사회복지 서비스업	459	177	5,541	1,468	4,073	365	1,869	4	73	39	2,797	51	802	429	3,048	11	647	19	1,846
2013	용산구	예술 스포츠 및 여가관련 서비스업	391	146	2,218	1,182	1,036	336	753	28	494	19	936	8	35	375	1,621	6	380	10	217
2013	용산구	협회 및 단체 수리 및 기타 개인서비스업	1,777	685	6,660	3,740	2,920	1,290	2,774	82	1,125	153	1,315	252	1,446	1,665	5,296	35	568	77	796
2013	성동구	합계	24,803	7,090	143,803	86,824	56,979	19,079	47,295	4,629	72,348	464	20,648	631	3,512	23,376	97,567	492	22,804	935	23,432
2013	성동구	광업	1	-	2	1	1	-	-	1	2	-	-	-	-	-	-	1	2	-	-
2013	성동구	제조업	4,455	744	28,823	18,402	10,421	3,564	13,005	887	15,789	3	28	1	1	4,223	20,967	132	4,240	100	3,616
2013	성동구	전기 가스 증기 및 수도사업	10	-	756	664	92	1	2	4	348	5	406	-	-	5	253	2	342	3	161
2013	성동구	하수폐기물처리 원료재생 및 환경복원업	24	1	399	352	47	-	-	14	192	10	207	-	-	20	374	1	11	3	14
2013	성동구	건설업	596	68	5,031	4,203	828	303	645	290	4,365	1	6	2	15	553	4,133	23	702	20	196
2013	성동구	도매 및 소매업	6,655	1,956	25,469	16,086	9,383	4,852	10,250	1,789	15,026	14	193	-	-	6,229	18,529	158	3,938	268	3,002
2013	성동구	운수업	2,737	100	8,113	7,219	894	2,593	3,124	98	3,261	43	1,724	3	4	2,681	5,541	14	883	42	1,689
2013	성동구	숙박 및 음식점업	3,311	1,936	9,734	3,684	6,050	3,189	8,429	116	1,266	3	23	3	16	3,216	8,656	7	53	88	1,025
2013	성동구	출판 영상 방송통신 및 정보서비스업	530	57	5,851	4,405	1,446	131	371	387	5,346	11	132	1	2	491	4,751	24	626	15	474
2013	성동구	금융 및 보험업	295	50	3,110	1,365	1,745	106	139	144	2,533	45	438	-	-	158	458	13	322	124	2,330
2013	성동구	부동산업 및 임대업	1,056	316	4,251	3,067	1,184	730	1,246	166	1,754	12	43	148	1,208	1,003	3,255	15	717	38	279
2013	성동구	전문 과학 및 기술 서비스업	839	135	8,579	5,875	2,704	401	1,278	381	6,569	53	713	4	19	718	5,008	59	2,239	62	1,332
2013	성동구	사업시설관리 및 사업지원 서비스업	266	58	14,006	7,227	6,779	116	486	138	11,719	7	1,762	5	39	221	5,405	13	7,732	32	869
2013	성동구	공공행정 국방 및 사회보장 행정	44	2	3,807	2,703	1,104	-	-	-	-	44	3,807	-	-	44	3,807	-	-	-	-
2013	성동구	교육 서비스업	745	400	10,030	3,840	6,190	556	1,414	60	1,275	83	7,019	46	322	687	5,123	10	609	48	4,298
2013	성동구	보건업 및 사회복지 서비스업	582	242	6,338	1,604	4,734	477	2,839	2	43	26	2,628	77	828	561	3,860	3	26	18	2,452
2013	성동구	예술 스포츠 및 여가관련 서비스업	541	214	2,041	1,168	873	496	1,085	14	107	14	795	17	54	530	1,686	2	3	9	352
2013	성동구	협회 및 단체 수리 및 기타 개인서비스업	2,116	811	7,463	4,959	2,504	1,564	2,982	138	2,753	90	724	324	1,004	2,036	5,761	15	359	65	1,343
2013	광진구	합계	24,676	8,706	119,965	68,186	51,779	20,554	50,120	2,984	47,229	423	19,084	715	3,532	23,443	83,728	288	14,980	945	21,257
2013	광진구	제조업	1,895	436	8,612	4,528	4,084	1,639	5,572	254	2,839	2	201	-	-	1,853	7,128	28	1,175	14	309
2013	광진구	전기 가스 증기 및 수도사업	3	-	114	106	8	-	-	1	12	2	102	-	-	1	94	-	-	2	20
2013	광진구	하수폐기물처리 원료재생 및 환경복원업	13	-	128	120	8	1	1	8	120	4	7	-	-	11	102	-	-	2	26
2013	광진구	건설업	770	96	10,326	9,231	1,095	433	938	337	9,388	-	-	-	-	725	8,567	18	868	27	891
2013	광진구	도매 및 소매업	6,236	2,238	19,027	10,552	8,475	5,108	10,754	1,115	8,197	10	66	3	10	5,812	14,789	93	1,021	331	3,217
2013	광진구	운수업	2,587	105	7,595	7,079	516	2,492	2,779	72	4,351	21	463	2	2	2,524	4,386	14	975	49	2,234
2013	광진구	숙박 및 음식점업	4,612	2,629	16,610	7,141	9,469	4,447	12,745	150	3,723	12	134	3	8	4,499	13,115	5	50	108	3,445
2013	광진구	출판 영상 방송통신 및 정보서비스업	362	57	3,792	2,554	1,238	152	429	200	2,326	10	1,037	-	-	339	2,922	6	257	17	613
2013	광진구	금융 및 보험업	202	26	3,257	1,559	1,698	27	63	137	2,577	38	617	-	-	65	336	12	671	125	2,250
2013	광진구	부동산업 및 임대업	1,133	397	3,343	2,241	1,102	882	1,438	136	859	9	40	106	1,006	1,086	2,865	18	155	29	323
2013	광진구	전문 과학 및 기술 서비스업	741	97	5,860	4,441	1,419	453	1,291	245	4,070	41	496	2	3	665	2,899	30	1,860	46	1,101
2013	광진구	사업시설관리 및 사업지원 서비스업	368	97	6,725	3,747	2,978	182	521	177	5,988	3	145	6	71	311	3,362	26	3,019	31	344
2013	광진구	공공행정 국방 및 사회보장 행정	36	2	2,746	1,876	870	-	-	-	-	36	2,746	-	-	36	2,746	-	-	-	-
2013	광진구	교육 서비스업	1,132	594	12,597	5,750	6,847	896	2,604	80	776	108	8,849	48	368	1,032	5,913	18	4,502	82	2,182
2013	광진구	보건업 및 사회복지 서비스업	831	319	9,131	2,082	7,049	730	4,797	6	142	31	3,371	64	821	805	6,252	3	170	23	2,709
2013	광진구	예술 스포츠 및 여가관련 서비스업	954	390	3,699	2,134	1,565	901	2,000	23	1,178	22	463	8	58	935	2,243	2	113	17	1,343
2013	광진구	협회 및 단체 수리 및 기타 개인서비스업	2,801	1,223	6,403	3,045	3,358	2,211	4,188	43	683	74	347	473	1,185	2,744	6,009	15	144	42	250
2013	동대문구	합계	31,972	10,532	132,100	71,707	60,393	27,678	60,449	3,074	42,234	490	25,696	730	3,721	30,781	92,580	302	15,597	889	23,923
2013	동대문구	광업	1	-	2	2	-	-	-	1	2	-	-	-	-	1	2	-	-	-	-
2013	동대문구	제조업	3,108	671	11,666	6,289	5,377	2,705	7,851	401	3,808	2	7	-	-	3,037	10,467	50	969	21	230
2013	동대문구	전기 가스 증기 및 수도사업	1	-	1	1	-	1	1	-	-	-	-	-	-	1	1	-	-	-	-
2013	동대문구	하수폐기물처리 원료재생 및 환경복원업	17	1	135	116	19	5	18	6	101	6	16	-	-	17	135	-	-	-	-
2013	동대문구	건설업	718	88	6,084	5,273	811	454	999	264	5,085	-	-	-	-	690	3,589	13	1,836	15	659
2013	동대문구	도매 및 소매업	11,418	3,744	31,164	18,585	12,579	9,941	18,798	1,449	12,195	20	151	8	20	11,009	25,296	113	1,850	296	4,018
2013	동대문구	운수업	3,635	150	7,203	6,313	890	3,544	4,003	70	2,290	18	886	3	24	3,606	5,250	7	984	22	969
2013	동대문구	숙박 및 음식점업	5,084	3,064	13,850	5,099	8,751	4,961	12,494	116	1,287	2	34	5	35	4,987	12,683	10	150	87	1,017
2013	동대문구	출판 영상 방송통신 및 정보서비스업	237	39	1,885	1,036	849	132	433	83	1,100	20	349	2	3	227	1,235	2	72	8	578
2013	동대문구	금융 및 보험업	304	36	4,760	1,560	3,200	38	47	205	4,114	61	599	-	-	76	337	17	222	211	4,201
2013	동대문구	부동산업 및 임대업	1,162	341	3,826	2,621	1,205	926	1,455	115	1,390	16	46	105	935	1,119	3,073	16	524	27	229
2013	동대문구	전문 과학 및 기술 서비스업	538	62	6,890	4,778	2,112	351	1,043	132	3,591	39	2,192	16	64	479	2,862	31	3,532	28	496
2013	동대문구	사업시설관리 및 사업지원 서비스업	306	79	6,295	3,391	2,904	173	366	123	5,083	5	805	5	41	269	3,054	12	2,861	25	380
2013	동대문구	공공행정 국방 및 사회보장 행정	52	-	3,453	2,545	908	-	-	-	-	52	3,453	-	-	52	3,453	-	-	-	-
2013	동대문구	교육 서비스업	925	477	14,743	6,459	8,284	724	1,936	49	1,565	106	10,963	46	279	846	6,742	11	2,192	68	5,809
2013	동대문구	보건업 및 사회복지 서비스업	908	332	12,037	3,297	8,740	806	5,876	3	17	33	5,212	66	932	884	7,275	3	80	21	4,682
2013	동대문구	예술 스포츠 및 여가관련 서비스업	739	295	2,119	1,160	959	696	1,381	18	117	16	557	9	64	725	1,606	4	144	10	369
2013	동대문구	협회 및 단체 수리 및 기타 개인서비스업	2,819	1,153	5,987	3,182	2,805	2,221	3,748	39	489	94	426	465	1,324	2,756	5,520	13	181	50	286
2013	중랑구	합계	27,490	9,152	96,038	51,218	44,820	24,765	56,363	1,587	23,118	329	13,246	809	3,311	26,713	78,477	144	6,862	633	10,699
2013	중랑구	광업	2	1	4	2	2	-	-	2	4	-	-	-	-	2	4	-	-	-	-
2013	중랑구	제조업	3,290	896	14,641	6,189	8,452	3,101	12,761	184	1,824	4	53	1	3	3,250	14,071	19	293	21	277
2013	중랑구	전기 가스 증기 및 수도사업	2	-	109	73	36	-	-	1	24	1	85	-	-	1	24	-	-	1	85
2013	중랑구	하수폐기물처리 원료재생 및 환경복원업	20	2	232	178	54	5	21	11	202	4	9	-	-	18	189	-	-	2	43
2013	중랑구	건설업	848	95	3,949	3,431	518	629	1,562	219	2,387	-	-	-	-	827	3,657	13	204	8	88
2013	중랑구	도매 및 소매업	5,766	2,224	16,296	8,755	7,541	5,156	10,769	599	5,146	10	378	1	3	5,504	12,798	44	720	218	2,778
2013	중랑구	운수업	6,080	238	12,618	12,062	556	5,997	6,520	69	5,933	14	165	-	-	6,042	10,758	7	1,092	31	768
2013	중랑구	숙박 및 음식점업	4,121	2,577	10,455	3,856	6,599	4,059	9,639	62	816	-	-	-	-	4,070	9,703	2	19	49	733
2013	중랑구	출판 영상 방송통신 및 정보서비스업	130	28	1,103	697	406	65	185	57	652	7	265	1	1	118	745	2	53	10	305
2013	중랑구	금융 및 보험업	156	20	1,931	714	1,217	32	63	78	1,280	46	588	-	-	50	246	11	170	95	1,515
2013	중랑구	부동산업 및 임대업	983	333	3,237	2,291	946	790	1,234	74	1,217	8	47	111	739	943	2,149	7	749	33	339
2013	중랑구	전문 과학 및 기술 서비스업	314	57	1,407	895	512	224	577	69	710	17	108	4	12	276	824	15	395	23	188
2013	중랑구	사업시설관리 및 사업지원 서비스업	224	56	2,317	1,460	857	139	487	77	1,537	4	249	4	44	202	1,042	8	747	14	528
2013	중랑구	공공행정 국방 및 사회보장 행정	41	1	3,322	2,411	911	-	-	-	-	41	3,322	-	-	41	3,322	-	-	-	-
2013	중랑구	교육 서비스업	898	543	7,620	2,269	5,351	769	2,094	40	867	57	4,321	32	338	857	5,498	6	928	35	1,194
2013	중랑구	보건업 및 사회복지 서비스업	838	353	8,373	1,683	6,690	740	5,027	2	12	34	2,615	62	719	808	5,919	5	1,339	25	1,115
2013	중랑구	예술 스포츠 및 여가관련 서비스업	865	341	2,577	1,409	1,168	786	1,643	5	34	30	809	44	91	845	2,021	1	129	19	427
2013	중랑구	협회 및 단체 수리 및 기타 개인서비스업	2,912	1,387	5,847	2,843	3,004	2,273	3,781	38	473	52	232	549	1,361	2,859	5,507	4	24	49	316
2013	성북구	합계	25,074	8,941	108,141	56,330	51,811	22,125	51,832	1,566	23,417	546	29,093	837	3,799	24,190	76,319	169	14,517	715	17,305
2013	성북구	제조업	2,435	584	9,246	4,178	5,068	2,323	7,899	110	1,336	-	-	2	11	2,416	8,898	12	316	7	32
2013	성북구	전기 가스 증기 및 수도사업	1	-	1	1	-	1	1	-	-	-	-	-	-	1	1	-	-	-	-
2013	성북구	하수폐기물처리 원료재생 및 환경복원업	14	3	152	136	16	4	12	9	138	1	2	-	-	14	152	-	-	-	-
2013	성북구	건설업	595	65	3,643	3,191	452	418	987	176	2,633	1	23	-	-	575	3,070	9	428	11	145
2013	성북구	도매 및 소매업	5,467	2,163	16,006	8,497	7,509	4,921	10,704	531	5,212	11	77	4	13	5,229	12,889	52	1,070	186	2,047
2013	성북구	운수업	3,742	147	6,998	6,669	329	3,682	4,001	48	2,867	12	130	-	-	3,719	6,023	7	803	16	172
2013	성북구	숙박 및 음식점업	4,555	2,598	13,324	5,259	8,065	4,423	11,671	126	1,594	4	56	2	3	4,457	11,990	10	117	88	1,217
2013	성북구	출판 영상 방송통신 및 정보서비스업	227	53	1,951	1,307	644	117	290	90	1,152	19	502	1	7	216	1,399	2	19	9	533
2013	성북구	금융 및 보험업	173	23	1,565	710	855	28	50	90	1,025	55	490	-	-	49	165	12	112	112	1,288
2013	성북구	부동산업 및 임대업	1,097	382	2,752	1,774	978	889	1,307	67	425	22	104	119	916	1,069	2,544	4	10	24	198
2013	성북구	전문 과학 및 기술 서비스업	424	64	3,084	2,002	1,082	271	692	115	846	24	1,501	14	45	394	1,398	5	1,324	25	362
2013	성북구	사업시설관리 및 사업지원 서비스업	218	48	4,970	2,876	2,094	128	387	81	4,364	5	195	4	24	195	2,628	10	1,856	13	486
2013	성북구	공공행정 국방 및 사회보장 행정	54	4	3,146	2,270	876	-	-	-	-	54	3,146	-	-	54	3,146	-	-	-	-
2013	성북구	교육 서비스업	1,304	708	22,343	10,665	11,678	1,041	3,057	72	1,106	166	18,012	25	168	1,154	7,217	19	7,864	131	7,262
2013	성북구	보건업 및 사회복지 서비스업	993	424	10,329	2,349	7,980	826	5,305	8	157	78	3,972	81	895	950	7,020	7	456	36	2,853
2013	성북구	예술 스포츠 및 여가관련 서비스업	742	278	2,158	1,285	873	694	1,553	16	128	24	455	8	22	721	1,873	4	19	17	266
2013	성북구	협회 및 단체 수리 및 기타 개인서비스업	3,033	1,397	6,473	3,161	3,312	2,359	3,916	27	434	70	428	577	1,695	2,977	5,906	16	123	40	444
2013	강북구	합계	19,248	6,947	69,468	33,491	35,977	17,288	39,153	981	16,694	305	10,342	674	3,279	18,580	55,846	91	2,662	577	10,960
2013	강북구	제조업	1,517	359	6,211	2,734	3,477	1,449	5,318	61	821	1	2	6	70	1,501	5,888	11	285	5	38
2013	강북구	전기 가스 증기 및 수도사업	2	-	208	165	43	-	-	-	-	2	208	-	-	1	133	-	-	1	75
2013	강북구	하수폐기물처리 원료재생 및 환경복원업	7	1	101	91	10	2	3	5	98	-	-	-	-	7	101	-	-	-	-
2013	강북구	건설업	501	56	1,778	1,509	269	403	642	98	1,136	-	-	-	-	495	1,636	3	53	3	89
2013	강북구	도매 및 소매업	4,074	1,675	10,526	5,304	5,222	3,722	7,674	334	2,788	9	41	9	23	3,893	8,630	28	274	153	1,622
2013	강북구	운수업	3,414	119	6,490	6,231	259	3,364	3,578	30	2,752	20	160	-	-	3,385	5,370	5	723	24	397
2013	강북구	숙박 및 음식점업	3,790	2,306	10,348	4,102	6,246	3,722	9,242	58	979	8	119	2	8	3,732	9,427	4	68	54	853
2013	강북구	출판 영상 방송통신 및 정보서비스업	95	15	1,107	654	453	49	131	35	422	10	538	1	16	83	771	5	105	7	231
2013	강북구	금융 및 보험업	217	42	4,226	1,099	3,127	33	75	153	3,804	31	347	-	-	50	258	6	238	161	3,730
2013	강북구	부동산업 및 임대업	779	274	1,817	1,152	665	657	968	58	377	2	4	62	468	755	1,598	3	15	21	204
2013	강북구	전문 과학 및 기술 서비스업	257	39	1,053	611	442	202	607	35	247	19	198	1	1	229	857	7	50	21	146
2013	강북구	사업시설관리 및 사업지원 서비스업	151	45	2,701	1,283	1,418	86	324	57	2,207	4	107	4	63	125	1,409	7	337	19	955
2013	강북구	공공행정 국방 및 사회보장 행정	41	2	2,780	1,820	960	-	-	-	-	41	2,780	-	-	41	2,780	-	-	-	-
2013	강북구	교육 서비스업	701	401	5,886	1,845	4,041	594	1,446	27	581	58	3,700	22	159	658	3,932	7	432	36	1,522
2013	강북구	보건업 및 사회복지 서비스업	702	251	6,562	1,364	5,198	580	4,157	1	1	37	1,300	84	1,104	679	6,181	2	20	21	361
2013	강북구	예술 스포츠 및 여가관련 서비스업	682	315	1,917	1,006	911	649	1,365	2	17	19	458	12	77	666	1,496	-	-	16	421
2013	강북구	협회 및 단체 수리 및 기타 개인서비스업	2,318	1,047	5,757	2,521	3,236	1,776	3,623	27	464	44	380	471	1,290	2,280	5,379	3	62	35	316
2013	도봉구	합계	17,713	6,052	63,936	34,347	29,589	15,782	33,966	938	16,202	242	10,297	751	3,471	17,175	53,207	73	2,453	465	8,276
2013	도봉구	제조업	926	231	3,765	1,734	2,031	868	3,084	56	674	2	7	-	-	921	3,693	2	58	3	14
2013	도봉구	하수폐기물처리 원료재생 및 환경복원업	11	1	133	109	24	3	8	8	125	-	-	-	-	9	131	-	-	2	2
2013	도봉구	건설업	426	58	1,437	1,164	273	317	591	108	845	-	-	1	1	412	1,297	6	76	8	64
2013	도봉구	도매 및 소매업	3,503	1,462	10,916	5,549	5,367	3,158	7,094	329	3,690	14	125	2	7	3,324	8,180	21	147	158	2,589
2013	도봉구	운수업	4,379	83	10,143	9,827	316	4,315	4,562	56	5,456	8	125	-	-	4,358	9,385	2	311	19	447
2013	도봉구	숙박 및 음식점업	2,707	1,676	7,091	2,656	4,435	2,650	6,372	51	661	6	58	-	-	2,663	6,523	5	46	39	522
2013	도봉구	출판 영상 방송통신 및 정보서비스업	63	20	296	185	111	37	91	18	162	8	43	-	-	59	187	1	7	3	102
2013	도봉구	금융 및 보험업	119	20	1,142	590	552	30	58	67	781	22	303	-	-	45	174	3	72	71	896
2013	도봉구	부동산업 및 임대업	787	311	2,960	1,937	1,023	593	984	51	850	3	20	140	1,106	749	2,236	6	434	32	290
2013	도봉구	전문 과학 및 기술 서비스업	295	36	1,418	935	483	232	772	42	450	19	194	2	2	266	998	10	194	19	226
2013	도봉구	사업시설관리 및 사업지원 서비스업	144	49	1,251	535	716	88	439	52	802	1	3	3	7	127	952	5	189	12	110
2013	도봉구	공공행정 국방 및 사회보장 행정	36	2	3,240	2,243	997	-	-	-	-	36	3,240	-	-	36	3,240	-	-	-	-
2013	도봉구	교육 서비스업	975	530	7,358	2,341	5,017	819	1,901	58	788	64	4,338	34	331	923	5,432	5	108	47	1,818
2013	도봉구	보건업 및 사회복지 서비스업	739	358	6,685	1,329	5,356	605	4,281	6	83	35	1,460	93	861	711	5,470	4	745	24	470
2013	도봉구	예술 스포츠 및 여가관련 서비스업	552	235	1,549	810	739	527	1,110	6	39	6	292	13	108	545	1,280	-	-	7	269
2013	도봉구	협회 및 단체 수리 및 기타 개인서비스업	2,051	980	4,552	2,403	2,149	1,540	2,619	30	796	18	89	463	1,048	2,027	4,029	3	66	21	457
2013	노원구	합계	25,173	8,573	104,525	51,703	52,822	22,150	49,393	1,567	24,404	457	24,516	999	6,212	24,104	76,387	140	7,424	929	20,714
2013	노원구	농업 임업 및 어업	1	-	3	3	-	-	-	-	-	1	3	-	-	-	-	-	-	1	3
2013	노원구	제조업	763	156	3,594	1,947	1,647	655	2,105	104	1,390	3	74	1	25	742	3,273	16	233	5	88
2013	노원구	전기 가스 증기 및 수도사업	4	-	238	202	36	-	-	1	80	3	158	-	-	-	-	1	80	3	158
2013	노원구	하수폐기물처리 원료재생 및 환경복원업	11	1	99	85	14	3	9	8	90	-	-	-	-	11	99	-	-	-	-
2013	노원구	건설업	477	80	1,718	1,349	369	337	671	140	1,047	-	-	-	-	466	1,591	5	67	6	60
2013	노원구	도매 및 소매업	4,599	1,959	13,851	6,730	7,121	4,077	9,077	507	4,647	10	103	5	24	4,303	10,522	38	352	258	2,977
2013	노원구	운수업	6,539	219	12,270	11,709	561	6,457	6,653	48	4,521	34	1,096	-	-	6,491	9,871	3	510	45	1,889
2013	노원구	숙박 및 음식점업	3,949	2,323	12,752	4,993	7,759	3,844	11,039	101	1,684	2	9	2	20	3,872	11,405	3	111	74	1,236
2013	노원구	출판 영상 방송통신 및 정보서비스업	125	35	1,184	709	475	62	147	44	666	18	340	1	31	112	743	1	2	12	439
2013	노원구	금융 및 보험업	243	33	4,294	1,316	2,978	20	24	193	3,856	29	408	1	6	44	543	2	20	197	3,731
2013	노원구	부동산업 및 임대업	1,193	464	4,542	3,195	1,347	827	1,379	92	756	9	61	265	2,346	1,139	3,973	8	115	46	454
2013	노원구	전문 과학 및 기술 서비스업	326	56	2,082	1,081	1,001	219	525	78	1,267	23	264	6	26	288	999	15	859	23	224
2013	노원구	사업시설관리 및 사업지원 서비스업	203	54	2,558	1,121	1,437	111	485	82	1,836	7	206	3	31	167	1,464	12	305	24	789
2013	노원구	공공행정 국방 및 사회보장 행정	41	4	2,607	1,828	779	-	-	-	-	41	2,607	-	-	40	2,548	-	-	1	59
2013	노원구	교육 서비스업	1,810	937	19,966	8,146	11,820	1,528	4,778	110	1,934	139	12,925	33	329	1,675	12,394	19	2,353	116	5,219
2013	노원구	보건업 및 사회복지 서비스업	1,382	688	13,864	3,003	10,861	1,212	6,713	7	46	85	5,727	78	1,378	1,303	8,534	13	2,408	66	2,922
2013	노원구	예술 스포츠 및 여가관련 서비스업	856	338	2,458	1,462	996	816	1,940	12	74	17	307	11	137	842	2,252	-	-	14	206
2013	노원구	협회 및 단체 수리 및 기타 개인서비스업	2,651	1,226	6,445	2,824	3,621	1,982	3,848	40	510	36	228	593	1,859	2,609	6,176	4	9	38	260
2013	은평구	합계	23,953	9,017	83,203	40,727	42,476	21,267	46,011	1,388	19,321	459	14,707	839	3,164	23,121	66,970	120	3,609	712	12,624
2013	은평구	제조업	890	233	3,086	1,596	1,490	800	2,259	84	693	5	132	1	2	878	2,818	3	75	9	193
2013	은평구	전기 가스 증기 및 수도사업	3	-	151	130	21	-	-	1	65	2	86	-	-	-	-	-	-	3	151
2013	은평구	하수폐기물처리 원료재생 및 환경복원업	18	2	300	241	59	6	15	12	285	-	-	-	-	17	299	-	-	1	1
2013	은평구	건설업	624	87	3,856	3,336	520	376	741	247	3,112	-	-	1	3	608	3,585	11	187	5	84
2013	은평구	도매 및 소매업	5,326	2,407	15,538	7,244	8,294	4,798	10,609	513	4,805	13	117	2	7	5,047	12,150	33	569	246	2,819
2013	은평구	운수업	4,936	76	8,564	8,300	264	4,878	5,091	37	3,212	18	254	3	7	4,906	7,380	4	514	26	670
2013	은평구	숙박 및 음식점업	4,079	2,513	11,093	4,227	6,866	4,004	10,001	64	1,039	8	47	3	6	4,025	10,221	4	24	50	848
2013	은평구	출판 영상 방송통신 및 정보서비스업	118	25	902	563	339	68	205	39	444	10	250	1	3	110	697	3	111	5	94
2013	은평구	금융 및 보험업	182	30	2,794	831	1,963	22	31	110	2,222	50	541	-	-	38	177	12	177	132	2,440
2013	은평구	부동산업 및 임대업	1,152	443	2,362	1,443	919	938	1,296	72	385	18	62	124	619	1,124	2,194	3	16	25	152
2013	은평구	전문 과학 및 기술 서비스업	305	37	1,740	852	888	235	588	48	432	19	717	3	3	275	1,343	12	195	18	202
2013	은평구	사업시설관리 및 사업지원 서비스업	145	40	1,748	904	844	79	325	62	1,285	4	138	-	-	133	957	5	635	7	156
2013	은평구	공공행정 국방 및 사회보장 행정	51	3	3,096	2,179	917	-	-	-	-	51	3,096	-	-	50	2,786	1	310	-	-
2013	은평구	교육 서비스업	1,402	830	9,994	3,086	6,908	1,209	3,123	52	788	117	5,927	24	156	1,316	6,825	14	632	72	2,537
2013	은평구	보건업 및 사회복지 서비스업	1,026	448	9,653	1,895	7,758	876	6,171	2	22	69	2,688	79	772	973	7,954	6	66	47	1,633
2013	은평구	예술 스포츠 및 여가관련 서비스업	752	318	1,963	1,100	863	719	1,550	12	88	11	300	10	25	740	1,671	2	13	10	279
2013	은평구	협회 및 단체 수리 및 기타 개인서비스업	2,944	1,525	6,363	2,800	3,563	2,259	4,006	33	444	64	352	588	1,561	2,881	5,913	7	85	56	365
2013	서대문구	합계	19,211	7,046	98,666	50,628	48,038	16,125	35,376	1,873	30,869	538	28,852	675	3,569	18,102	62,164	186	9,629	923	26,873
2013	서대문구	농업 임업 및 어업	3	1	11	10	1	-	-	3	11	-	-	-	-	2	10	1	1	-	-
2013	서대문구	제조업	699	186	2,493	1,285	1,208	640	1,778	55	624	2	85	2	6	686	2,189	9	207	4	97
2013	서대문구	전기 가스 증기 및 수도사업	3	-	480	372	108	-	-	1	48	2	432	-	-	3	480	-	-	-	-
2013	서대문구	하수폐기물처리 원료재생 및 환경복원업	12	3	139	127	12	4	13	8	126	-	-	-	-	9	92	1	44	2	3
2013	서대문구	건설업	451	55	3,271	2,820	451	310	538	140	2,727	1	6	-	-	441	3,041	3	130	7	100
2013	서대문구	도매 및 소매업	4,226	1,703	13,649	7,299	6,350	3,657	7,144	544	6,142	24	361	1	2	3,922	8,726	49	2,117	255	2,806
2013	서대문구	운수업	2,936	80	5,332	5,037	295	2,847	2,984	78	2,238	9	104	2	6	2,913	5,115	6	82	17	135
2013	서대문구	숙박 및 음식점업	4,196	2,329	13,660	5,717	7,943	3,942	10,569	240	3,024	6	26	8	41	4,000	11,321	9	73	187	2,266
2013	서대문구	출판 영상 방송통신 및 정보서비스업	329	61	2,912	1,969	943	173	415	139	2,218	14	273	3	6	303	1,971	10	587	16	354
2013	서대문구	금융 및 보험업	225	28	5,379	2,655	2,724	32	54	152	4,923	41	402	-	-	62	547	18	1,349	145	3,483
2013	서대문구	부동산업 및 임대업	845	317	2,480	1,560	920	660	1,065	74	650	17	90	94	675	821	2,238	1	10	23	232
2013	서대문구	전문 과학 및 기술 서비스업	437	83	4,584	2,465	2,119	258	849	133	2,150	35	1,465	11	120	399	2,440	18	1,504	20	640
2013	서대문구	사업시설관리 및 사업지원 서비스업	322	73	4,977	2,750	2,227	144	531	159	4,293	9	60	10	93	291	3,812	14	641	17	524
2013	서대문구	공공행정 국방 및 사회보장 행정	44	1	4,683	2,928	1,755	-	-	-	-	44	4,683	-	-	43	4,612	-	-	1	71
2013	서대문구	교육 서비스업	1,023	581	14,852	6,722	8,130	761	2,040	94	1,228	135	11,324	33	260	881	4,737	20	2,181	122	7,934
2013	서대문구	보건업 및 사회복지 서비스업	692	263	12,972	3,656	9,316	540	3,156	7	58	83	8,860	62	898	626	4,670	12	411	54	7,891
2013	서대문구	예술 스포츠 및 여가관련 서비스업	555	214	1,650	958	692	514	1,107	22	259	10	198	9	86	538	1,354	3	141	14	155
2013	서대문구	협회 및 단체 수리 및 기타 개인서비스업	2,213	1,068	5,142	2,298	2,844	1,643	3,133	24	150	106	483	440	1,376	2,162	4,809	12	151	39	182
2013	마포구	합계	32,793	10,610	214,621	120,386	94,235	23,463	59,886	7,587	124,827	844	25,234	899	4,674	30,393	141,155	826	47,136	1,574	26,330
2013	마포구	광업	1	-	1	1	-	-	-	1	1	-	-	-	-	1	1	-	-	-	-
2013	마포구	제조업	1,306	312	5,453	2,961	2,492	1,070	3,122	234	2,320	2	11	-	-	1,269	4,581	22	805	15	67
2013	마포구	전기 가스 증기 및 수도사업	6	-	419	366	53	-	-	2	181	4	238	-	-	1	3	-	-	5	416
2013	마포구	하수폐기물처리 원료재생 및 환경복원업	27	5	266	228	38	4	5	12	155	11	106	-	-	26	259	1	7	-	-
2013	마포구	건설업	972	118	10,977	9,420	1,557	424	887	547	9,950	1	140	-	-	911	8,394	39	2,112	22	471
2013	마포구	도매 및 소매업	7,433	2,515	29,859	17,147	12,712	5,265	11,180	2,138	18,447	22	198	8	34	6,793	19,564	211	5,525	429	4,770
2013	마포구	운수업	3,134	192	11,442	8,597	2,845	2,472	2,682	632	8,004	24	733	6	23	2,987	7,704	86	2,500	61	1,238
2013	마포구	숙박 및 음식점업	6,612	3,328	23,362	10,281	13,081	6,226	19,116	375	4,193	7	40	4	13	6,348	20,075	38	602	226	2,685
2013	마포구	출판 영상 방송통신 및 정보서비스업	2,076	334	30,167	19,325	10,842	845	2,581	1,183	26,177	39	1,366	9	43	1,935	20,224	73	7,536	68	2,407
2013	마포구	금융 및 보험업	491	71	13,304	6,495	6,809	49	174	374	10,071	68	3,059	-	-	169	1,964	45	4,529	277	6,811
2013	마포구	부동산업 및 임대업	1,544	515	5,546	3,589	1,957	1,083	1,705	280	2,085	30	509	151	1,247	1,443	4,368	34	648	67	530
2013	마포구	전문 과학 및 기술 서비스업	2,079	405	19,836	12,467	7,369	1,123	3,240	839	15,072	100	1,481	17	43	1,865	9,350	116	9,076	98	1,410
2013	마포구	사업시설관리 및 사업지원 서비스업	909	246	24,060	11,948	12,112	264	1,067	598	22,523	12	267	35	203	780	15,787	62	6,852	67	1,421
2013	마포구	공공행정 국방 및 사회보장 행정	61	6	4,224	2,697	1,527	-	-	-	-	61	4,224	-	-	58	4,115	-	-	3	109
2013	마포구	교육 서비스업	1,400	667	14,959	6,528	8,431	1,038	3,191	191	2,789	127	8,568	44	411	1,266	7,882	26	5,114	108	1,963
2013	마포구	보건업 및 사회복지 서비스업	981	349	7,355	1,435	5,920	811	4,730	9	164	69	1,400	92	1,061	931	6,272	22	699	28	384
2013	마포구	예술 스포츠 및 여가관련 서비스업	848	298	3,682	2,160	1,522	714	1,714	93	861	25	1,062	16	45	808	2,975	10	393	30	314
2013	마포구	협회 및 단체 수리 및 기타 개인서비스업	2,913	1,249	9,709	4,741	4,968	2,075	4,492	79	1,834	242	1,832	517	1,551	2,802	7,637	41	738	70	1,334
2013	양천구	합계	25,720	9,167	109,999	60,086	49,913	21,838	50,721	2,572	37,464	421	17,623	889	4,191	24,502	86,283	237	7,409	981	16,307
2013	양천구	제조업	1,188	280	5,369	2,719	2,650	1,039	3,628	148	1,734	1	7	-	-	1,162	5,035	15	261	11	73
2013	양천구	전기 가스 증기 및 수도사업	5	-	391	320	71	-	-	2	15	3	376	-	-	3	156	-	-	2	235
2013	양천구	하수폐기물처리 원료재생 및 환경복원업	26	2	407	359	48	5	10	18	384	3	13	-	-	23	331	1	3	2	73
2013	양천구	건설업	789	99	7,785	6,655	1,130	506	1,210	282	6,557	1	18	-	-	756	6,748	16	849	17	188
2013	양천구	도매 및 소매업	5,487	2,238	16,718	8,866	7,852	4,558	9,925	907	6,578	21	213	1	2	5,085	12,744	66	995	336	2,979
2013	양천구	운수업	5,044	239	12,425	11,656	769	4,815	5,192	211	6,367	17	865	1	1	5,000	10,488	18	929	26	1,008
2013	양천구	숙박 및 음식점업	3,602	2,209	11,824	4,474	7,350	3,478	9,687	122	2,125	2	12	-	-	3,496	10,035	6	31	100	1,758
2013	양천구	출판 영상 방송통신 및 정보서비스업	256	46	4,294	3,146	1,148	117	304	130	3,392	9	598	-	-	230	1,883	15	1,853	11	558
2013	양천구	금융 및 보험업	202	28	2,473	1,046	1,427	22	32	143	2,030	37	411	-	-	40	155	9	104	153	2,214
2013	양천구	부동산업 및 임대업	1,222	502	3,676	2,311	1,365	958	1,466	112	1,166	6	26	146	1,018	1,165	2,949	12	74	45	653
2013	양천구	전문 과학 및 기술 서비스업	637	81	3,321	2,103	1,218	459	1,392	131	1,488	45	409	2	32	569	2,211	24	445	44	665
2013	양천구	사업시설관리 및 사업지원 서비스업	221	63	3,161	1,668	1,493	97	421	108	2,253	7	416	9	71	189	1,927	10	673	22	561
2013	양천구	공공행정 국방 및 사회보장 행정	48	2	4,671	3,229	1,442	-	-	-	-	48	4,671	-	-	45	4,398	1	232	2	41
2013	양천구	교육 서비스업	2,215	1,141	13,971	4,676	9,295	1,905	5,230	183	2,542	90	5,912	37	287	2,087	10,993	24	475	104	2,503
2013	양천구	보건업 및 사회복지 서비스업	1,070	446	10,337	2,378	7,959	921	6,368	8	78	54	2,822	87	1,069	1,021	7,913	7	178	42	2,246
2013	양천구	예술 스포츠 및 여가관련 서비스업	824	351	2,636	1,506	1,130	751	1,685	19	291	13	332	41	328	813	2,312	2	133	9	191
2013	양천구	협회 및 단체 수리 및 기타 개인서비스업	2,884	1,440	6,540	2,974	3,566	2,207	4,171	48	464	64	522	565	1,383	2,818	6,005	11	174	55	361
2013	강서구	합계	32,021	10,914	178,281	97,986	80,295	25,493	59,121	4,794	96,121	576	17,750	1,158	5,289	30,103	114,392	434	38,259	1,484	25,630
2013	강서구	광업	1	-	7	7	-	-	-	1	7	-	-	-	-	1	7	-	-	-	-
2013	강서구	제조업	1,150	263	6,172	3,561	2,611	880	2,932	265	3,195	3	35	2	10	1,112	5,268	21	600	17	304
2013	강서구	전기 가스 증기 및 수도사업	4	1	657	595	62	1	1	1	578	2	78	-	-	1	1	1	578	2	78
2013	강서구	하수폐기물처리 원료재생 및 환경복원업	42	3	619	535	84	5	20	30	580	7	19	-	-	39	585	-	-	3	34
2013	강서구	건설업	972	103	9,465	7,771	1,694	478	1,015	493	8,338	1	112	-	-	919	6,548	29	2,574	24	343
2013	강서구	도매 및 소매업	7,770	2,949	29,710	17,030	12,680	5,883	13,218	1,866	16,270	17	193	4	29	7,136	21,722	130	2,510	504	5,478
2013	강서구	운수업	6,598	284	45,176	29,639	15,537	5,947	6,570	597	37,208	54	1,398	-	-	6,389	16,069	80	25,470	129	3,637
2013	강서구	숙박 및 음식점업	4,854	2,859	16,207	6,118	10,089	4,639	12,919	205	3,245	7	31	3	12	4,683	13,664	8	95	163	2,448
2013	강서구	출판 영상 방송통신 및 정보서비스업	418	55	6,019	4,189	1,830	122	382	285	5,297	9	316	2	24	383	4,622	12	461	23	936
2013	강서구	금융 및 보험업	287	40	4,204	1,605	2,599	34	102	205	3,354	48	748	-	-	81	453	8	285	198	3,466
2013	강서구	부동산업 및 임대업	1,560	554	5,361	3,339	2,022	1,111	1,812	184	1,770	13	202	252	1,577	1,473	4,613	16	225	71	523
2013	강서구	전문 과학 및 기술 서비스업	609	78	4,507	3,110	1,397	316	857	262	3,241	26	392	5	17	492	2,279	48	919	69	1,309
2013	강서구	사업시설관리 및 사업지원 서비스업	350	86	10,901	5,610	5,291	148	670	186	9,947	10	266	6	18	275	6,209	26	2,323	49	2,369
2013	강서구	공공행정 국방 및 사회보장 행정	59	4	3,180	2,302	878	-	-	-	-	59	3,180	-	-	58	3,127	-	-	1	53
2013	강서구	교육 서비스업	1,547	907	11,493	3,837	7,656	1,314	3,561	90	1,227	114	6,411	29	294	1,452	8,393	16	750	79	2,350
2013	강서구	보건업 및 사회복지 서비스업	1,217	548	12,168	2,369	9,799	1,049	7,834	8	246	82	2,802	78	1,286	1,149	10,207	15	633	53	1,328
2013	강서구	예술 스포츠 및 여가관련 서비스업	1,058	471	2,910	1,544	1,366	957	1,972	24	342	33	381	44	215	1,030	2,578	1	39	27	293
2013	강서구	협회 및 단체 수리 및 기타 개인서비스업	3,525	1,709	9,525	4,825	4,700	2,609	5,256	92	1,276	91	1,186	733	1,807	3,430	8,047	23	797	72	681
2013	구로구	합계	35,352	10,110	193,660	114,036	79,624	26,806	61,235	7,212	111,487	521	15,780	813	5,158	33,068	133,770	707	34,141	1,577	25,749
2013	구로구	제조업	3,633	431	19,330	13,694	5,636	2,765	7,156	863	12,116	4	56	1	2	3,472	14,840	90	3,847	71	643
2013	구로구	전기 가스 증기 및 수도사업	5	1	102	92	10	-	-	2	88	3	14	-	-	3	13	1	85	1	4
2013	구로구	하수폐기물처리 원료재생 및 환경복원업	22	3	200	177	23	1	5	14	178	7	17	-	-	20	130	2	70	-	-
2013	구로구	건설업	905	103	8,151	6,978	1,173	467	1,038	438	7,113	-	-	-	-	854	5,887	33	1,965	18	299
2013	구로구	도매 및 소매업	11,343	3,182	35,762	22,383	13,379	8,520	17,486	2,805	18,208	11	50	7	18	10,430	27,653	239	3,381	674	4,728
2013	구로구	운수업	4,413	171	8,623	8,016	607	4,275	4,580	99	2,885	34	1,095	5	63	4,368	6,763	12	599	33	1,261
2013	구로구	숙박 및 음식점업	4,493	2,765	13,672	4,846	8,826	4,325	11,427	162	2,209	4	28	2	8	4,351	11,776	5	77	137	1,819
2013	구로구	출판 영상 방송통신 및 정보서비스업	1,746	186	29,798	21,273	8,525	334	1,160	1,390	28,440	18	175	4	23	1,586	21,977	79	5,940	81	1,881
2013	구로구	금융 및 보험업	353	56	7,041	2,581	4,460	63	103	219	6,076	70	860	1	2	123	803	18	1,073	212	5,165
2013	구로구	부동산업 및 임대업	1,209	423	4,507	2,903	1,604	862	1,360	150	1,681	8	34	189	1,432	1,139	3,345	21	567	49	595
2013	구로구	전문 과학 및 기술 서비스업	1,221	134	14,336	10,481	3,855	585	1,955	565	11,124	68	1,219	3	38	1,015	7,499	124	5,958	82	879
2013	구로구	사업시설관리 및 사업지원 서비스업	501	116	18,971	7,374	11,597	188	680	281	17,972	5	17	27	302	394	5,682	36	8,676	71	4,613
2013	구로구	공공행정 국방 및 사회보장 행정	42	1	3,710	2,675	1,035	-	-	-	-	42	3,710	-	-	42	3,710	-	-	-	-
2013	구로구	교육 서비스업	1,096	605	9,566	3,385	6,181	849	2,350	106	1,835	105	5,155	36	226	1,018	7,058	17	1,353	61	1,155
2013	구로구	보건업 및 사회복지 서비스업	942	412	9,948	1,997	7,951	812	5,983	6	148	46	2,561	78	1,256	916	7,802	7	153	19	1,993
2013	구로구	예술 스포츠 및 여가관련 서비스업	828	362	2,076	1,170	906	773	1,616	24	226	18	144	13	90	817	2,013	-	-	11	63
2013	구로구	협회 및 단체 수리 및 기타 개인서비스업	2,600	1,159	7,867	4,011	3,856	1,987	4,336	88	1,188	78	645	447	1,698	2,520	6,819	23	397	57	651
2013	금천구	합계	28,406	7,610	203,455	128,225	75,230	19,192	50,808	8,170	140,675	389	8,957	655	3,015	26,141	138,317	828	37,752	1,437	27,386
2013	금천구	농업 임업 및 어업	1	-	3	3	-	-	-	1	3	-	-	-	-	1	3	-	-	-	-
2013	금천구	광업	2	-	2	2	-	-	-	2	2	-	-	-	-	2	2	-	-	-	-
2013	금천구	제조업	4,774	738	44,411	27,931	16,480	3,050	12,719	1,716	31,615	7	75	1	2	4,451	32,012	204	10,349	119	2,050
2013	금천구	전기 가스 증기 및 수도사업	3	1	12	7	5	1	5	2	7	-	-	-	-	3	12	-	-	-	-
2013	금천구	하수폐기물처리 원료재생 및 환경복원업	24	-	262	233	29	3	4	18	186	3	72	-	-	17	147	5	98	2	17
2013	금천구	건설업	1,000	96	8,831	7,617	1,214	497	1,087	503	7,744	-	-	-	-	930	6,498	30	1,422	40	911
2013	금천구	도매 및 소매업	7,894	2,303	34,313	21,294	13,019	5,375	12,071	2,508	22,212	8	21	3	9	7,161	23,912	228	5,973	505	4,428
2013	금천구	운수업	2,715	125	8,578	7,581	997	2,539	3,117	151	5,306	22	133	3	22	2,637	6,181	21	1,186	57	1,211
2013	금천구	숙박 및 음식점업	3,347	2,058	10,252	3,505	6,747	3,214	8,598	130	1,647	1	2	2	5	3,234	8,826	4	38	109	1,388
2013	금천구	출판 영상 방송통신 및 정보서비스업	1,936	211	31,895	22,726	9,169	350	1,417	1,573	30,101	12	376	1	1	1,748	22,408	93	6,688	95	2,799
2013	금천구	금융 및 보험업	171	18	2,106	1,055	1,051	21	32	101	1,445	49	629	-	-	61	387	10	197	100	1,522
2013	금천구	부동산업 및 임대업	819	233	2,537	1,707	830	614	993	132	982	3	6	70	556	772	2,067	16	151	31	319
2013	금천구	전문 과학 및 기술 서비스업	1,514	152	26,109	19,323	6,786	553	2,194	893	22,396	65	1,514	3	5	1,171	10,719	138	5,227	205	10,163
2013	금천구	사업시설관리 및 사업지원 서비스업	403	82	14,999	7,380	7,619	125	467	242	14,014	7	150	29	368	305	8,515	34	5,456	64	1,028
2013	금천구	공공행정 국방 및 사회보장 행정	32	3	1,820	1,167	653	-	-	-	-	32	1,820	-	-	31	1,815	-	-	1	5
2013	금천구	교육 서비스업	606	314	5,176	1,617	3,559	445	1,056	87	1,314	52	2,659	22	147	563	4,246	12	374	31	556
2013	금천구	보건업 및 사회복지 서비스업	615	247	5,196	983	4,213	475	3,319	4	67	34	774	102	1,036	589	4,794	5	33	21	369
2013	금천구	예술 스포츠 및 여가관련 서비스업	553	231	1,376	761	615	504	1,010	27	206	15	142	7	18	530	1,160	3	37	20	179
2013	금천구	협회 및 단체 수리 및 기타 개인서비스업	1,997	798	5,577	3,333	2,244	1,426	2,719	80	1,428	79	584	412	846	1,935	4,613	25	523	37	441
2013	영등포구	합계	42,151	12,281	337,027	201,009	136,018	30,876	73,210	9,203	214,683	982	42,775	1,090	6,359	39,008	184,375	1,060	110,637	2,083	42,015
2013	영등포구	광업	1	-	3	3	-	-	-	1	3	-	-	-	-	1	3	-	-	-	-
2013	영등포구	제조업	4,250	554	15,050	10,889	4,161	3,761	9,128	482	5,842	6	78	1	2	4,145	12,736	56	1,452	49	862
2013	영등포구	전기 가스 증기 및 수도사업	8	-	818	659	159	-	-	3	244	5	574	-	-	3	132	1	231	4	455
2013	영등포구	하수폐기물처리 원료재생 및 환경복원업	21	1	499	464	35	4	10	16	487	1	2	-	-	19	278	2	221	-	-
2013	영등포구	건설업	1,287	145	14,134	12,500	1,634	605	1,541	680	12,591	-	-	2	2	1,204	9,784	47	3,582	36	768
2013	영등포구	도매 및 소매업	11,426	3,358	50,762	32,085	18,677	8,183	16,762	3,202	33,820	33	146	8	34	10,534	31,182	282	12,831	610	6,749
2013	영등포구	운수업	4,205	154	11,523	9,652	1,871	3,850	4,360	304	6,623	41	484	10	56	4,079	7,660	59	2,769	67	1,094
2013	영등포구	숙박 및 음식점업	6,841	4,102	24,120	8,722	15,398	6,404	18,515	424	5,455	9	118	4	32	6,498	19,440	21	293	322	4,387
2013	영등포구	출판 영상 방송통신 및 정보서비스업	1,641	224	35,029	25,123	9,906	490	1,523	1,118	29,554	28	3,943	5	9	1,528	18,700	61	14,675	52	1,654
2013	영등포구	금융 및 보험업	957	113	50,009	30,540	19,469	99	212	741	41,348	114	8,435	3	14	488	7,451	107	33,897	362	8,661
2013	영등포구	부동산업 및 임대업	1,777	478	8,939	6,068	2,871	1,094	1,897	403	4,385	27	262	253	2,395	1,634	6,149	47	1,445	96	1,345
2013	영등포구	전문 과학 및 기술 서비스업	2,016	259	30,276	20,904	9,372	873	2,755	948	22,162	173	5,232	22	127	1,648	11,190	185	16,365	183	2,721
2013	영등포구	사업시설관리 및 사업지원 서비스업	946	221	47,323	21,288	26,035	330	790	577	45,692	17	754	22	87	758	22,197	83	17,667	105	7,459
2013	영등포구	공공행정 국방 및 사회보장 행정	64	2	9,181	6,012	3,169	-	-	-	-	64	9,181	-	-	61	8,859	1	307	2	15
2013	영등포구	교육 서비스업	1,183	611	8,507	2,913	5,594	904	2,390	115	1,396	101	4,188	63	533	1,112	7,092	16	565	55	850
2013	영등포구	보건업 및 사회복지 서비스업	1,055	386	12,599	3,109	9,490	888	6,431	7	92	63	5,275	97	801	1,008	8,823	15	608	32	3,168
2013	영등포구	예술 스포츠 및 여가관련 서비스업	1,054	420	3,980	2,090	1,890	940	1,929	53	727	28	1,170	33	154	1,028	3,230	5	62	21	688
2013	영등포구	협회 및 단체 수리 및 기타 개인서비스업	3,419	1,253	14,275	7,988	6,287	2,451	4,967	129	4,262	272	2,933	567	2,113	3,260	9,469	72	3,667	87	1,139
2013	동작구	합계	20,035	7,764	108,007	57,447	50,560	17,022	40,443	1,773	43,937	454	19,717	786	3,910	19,042	69,052	201	23,173	792	15,782
2013	동작구	광업	1	-	527	375	152	-	-	-	-	1	527	-	-	-	-	1	527	-	-
2013	동작구	제조업	645	178	2,379	1,211	1,168	572	1,624	71	683	2	72	-	-	637	2,186	2	57	6	136
2013	동작구	전기 가스 증기 및 수도사업	6	-	355	292	63	-	-	3	67	3	288	-	-	3	193	-	-	3	162
2013	동작구	하수폐기물처리 원료재생 및 환경복원업	16	3	249	216	33	1	6	13	213	2	30	-	-	13	190	2	41	1	18
2013	동작구	건설업	557	52	4,197	3,772	425	378	869	179	3,328	-	-	-	-	534	2,384	8	1,703	15	110
2013	동작구	도매 및 소매업	5,136	2,077	16,762	9,378	7,384	4,517	10,143	603	6,498	14	115	2	6	4,867	12,913	62	1,888	207	1,961
2013	동작구	운수업	2,203	79	3,655	3,091	564	2,155	2,408	30	1,028	17	216	1	3	2,177	2,786	2	626	24	243
2013	동작구	숙박 및 음식점업	3,945	2,302	11,844	4,707	7,137	3,832	10,592	102	1,126	6	98	5	28	3,858	10,829	4	49	83	966
2013	동작구	출판 영상 방송통신 및 정보서비스업	245	35	4,632	2,731	1,901	90	218	141	4,097	12	309	2	8	225	2,103	6	1,360	14	1,169
2013	동작구	금융 및 보험업	219	26	4,094	2,037	2,057	21	56	149	3,312	49	726	-	-	49	271	14	578	156	3,245
2013	동작구	부동산업 및 임대업	1,116	385	4,611	2,453	2,158	871	1,404	97	2,011	12	52	136	1,144	1,075	4,079	11	85	30	447
2013	동작구	전문 과학 및 기술 서비스업	386	54	6,903	4,929	1,974	231	689	127	5,730	27	472	1	12	337	2,016	21	4,394	28	493
2013	동작구	사업시설관리 및 사업지원 서비스업	261	65	14,235	8,108	6,127	131	619	122	13,530	5	82	3	4	214	5,488	21	7,566	26	1,181
2013	동작구	공공행정 국방 및 사회보장 행정	36	1	3,157	1,959	1,198	-	-	-	-	36	3,157	-	-	36	3,157	-	-	-	-
2013	동작구	교육 서비스업	1,181	661	12,443	5,699	6,744	940	2,695	109	1,885	102	7,693	30	170	1,052	6,174	19	3,763	110	2,506
2013	동작구	보건업 및 사회복지 서비스업	863	359	9,628	2,189	7,439	727	4,053	1	8	58	4,444	77	1,123	815	7,103	11	277	37	2,248
2013	동작구	예술 스포츠 및 여가관련 서비스업	764	322	2,487	1,427	1,060	716	1,681	12	79	21	672	15	55	745	2,045	3	32	16	410
2013	동작구	협회 및 단체 수리 및 기타 개인서비스업	2,455	1,165	5,849	2,873	2,976	1,840	3,386	14	342	87	764	514	1,357	2,405	5,135	14	227	36	487
2013	관악구	합계	26,309	9,705	109,055	56,022	53,033	22,933	53,460	1,881	31,136	500	19,697	995	4,762	25,319	81,191	185	12,818	805	15,046
2013	관악구	제조업	1,296	362	5,494	2,539	2,955	1,183	3,912	110	1,295	2	4	1	283	1,274	4,708	14	704	8	82
2013	관악구	하수폐기물처리 원료재생 및 환경복원업	9	2	114	96	18	1	2	8	112	-	-	-	-	9	114	-	-	-	-
2013	관악구	건설업	755	61	7,625	5,875	1,750	494	909	261	6,716	-	-	-	-	726	5,478	13	736	16	1,411
2013	관악구	도매 및 소매업	5,650	2,447	15,803	8,086	7,717	5,025	10,827	590	4,653	25	283	10	40	5,337	12,555	44	803	269	2,445
2013	관악구	운수업	4,032	137	6,420	6,165	255	3,976	4,226	41	2,039	12	141	3	14	4,015	5,613	6	583	11	224
2013	관악구	숙박 및 음식점업	5,380	3,134	16,474	6,533	9,941	5,255	14,339	114	1,691	10	440	1	4	5,284	14,538	5	317	91	1,619
2013	관악구	출판 영상 방송통신 및 정보서비스업	280	48	2,795	1,919	876	127	382	136	2,082	15	322	2	9	257	1,745	3	139	20	911
2013	관악구	금융 및 보험업	200	28	2,501	980	1,521	25	54	121	1,866	54	581	-	-	66	443	9	84	125	1,974
2013	관악구	부동산업 및 임대업	1,254	376	3,312	2,151	1,161	1,065	1,786	88	812	12	70	89	644	1,216	2,942	9	126	29	244
2013	관악구	전문 과학 및 기술 서비스업	583	78	4,657	2,937	1,720	345	991	150	2,703	56	819	32	144	519	2,387	23	1,156	41	1,114
2013	관악구	사업시설관리 및 사업지원 서비스업	281	68	5,899	2,979	2,920	150	400	113	5,129	5	255	13	115	249	2,387	12	1,807	20	1,705
2013	관악구	공공행정 국방 및 사회보장 행정	50	2	4,618	2,968	1,650	-	-	-	-	50	4,618	-	-	50	4,618	-	-	-	-
2013	관악구	교육 서비스업	1,217	646	13,967	6,105	7,862	984	2,638	72	1,324	105	9,666	56	339	1,141	6,673	16	5,805	60	1,489
2013	관악구	보건업 및 사회복지 서비스업	1,062	416	8,767	1,560	7,207	901	6,218	4	102	41	1,184	116	1,263	1,028	7,787	7	89	27	891
2013	관악구	예술 스포츠 및 여가관련 서비스업	1,048	444	3,107	1,725	1,382	971	2,311	30	156	22	502	25	138	1,017	2,634	7	44	24	429
2013	관악구	협회 및 단체 수리 및 기타 개인서비스업	3,212	1,456	7,502	3,404	4,098	2,431	4,465	43	456	91	812	647	1,769	3,131	6,569	17	425	64	508
2013	서초구	합계	42,882	13,153	373,954	229,615	144,339	27,138	78,313	13,166	244,429	1,601	45,068	977	6,144	38,564	220,932	1,608	97,102	2,710	55,920
2013	서초구	농업 임업 및 어업	1	-	4	1	3	-	-	1	4	-	-	-	-	1	4	-	-	-	-
2013	서초구	광업	2	-	5	4	1	-	-	2	5	-	-	-	-	1	1	1	4	-	-
2013	서초구	제조업	1,038	267	5,829	3,389	2,440	638	1,566	397	4,215	1	44	2	4	952	3,901	52	1,653	34	275
2013	서초구	전기 가스 증기 및 수도사업	10	-	201	163	38	-	-	4	11	5	185	1	5	6	16	1	2	3	183
2013	서초구	하수폐기물처리 원료재생 및 환경복원업	20	1	196	175	21	2	8	16	185	2	3	-	-	18	189	-	-	2	7
2013	서초구	건설업	1,903	225	49,979	44,400	5,579	536	1,181	1,367	48,798	-	-	-	-	1,711	27,358	124	17,602	68	5,019
2013	서초구	도매 및 소매업	11,971	3,913	65,196	40,106	25,090	7,659	16,431	4,257	48,366	49	343	6	56	10,684	34,717	483	17,663	804	12,816
2013	서초구	운수업	1,364	121	7,844	6,692	1,152	1,048	1,359	306	5,667	8	814	2	4	1,263	4,283	42	1,899	59	1,662
2013	서초구	숙박 및 음식점업	6,522	3,454	30,867	12,682	18,185	5,883	21,497	632	9,324	6	44	1	2	6,087	24,838	39	911	396	5,118
2013	서초구	출판 영상 방송통신 및 정보서비스업	1,956	275	29,023	21,016	8,007	478	1,421	1,442	25,826	31	1,762	5	14	1,792	19,983	89	5,584	75	3,456
2013	서초구	금융 및 보험업	794	108	13,869	7,223	6,646	60	95	643	10,725	87	3,025	4	24	315	2,024	37	4,349	442	7,496
2013	서초구	부동산업 및 임대업	2,457	583	12,867	8,899	3,968	1,514	3,144	688	6,803	25	158	230	2,762	2,320	9,917	59	2,112	78	838
2013	서초구	전문 과학 및 기술 서비스업	5,564	637	60,551	41,032	19,519	2,871	9,483	1,962	39,933	712	10,869	19	266	4,784	29,218	429	23,158	351	8,175
2013	서초구	사업시설관리 및 사업지원 서비스업	1,127	273	35,023	16,473	18,550	343	952	738	33,660	16	191	30	220	949	18,182	85	15,443	93	1,398
2013	서초구	공공행정 국방 및 사회보장 행정	57	5	9,937	6,355	3,582	-	-	-	-	57	9,937	-	-	53	8,911	2	836	2	190
2013	서초구	교육 서비스업	2,147	1,020	18,102	7,412	10,690	1,539	4,229	435	7,075	123	6,523	50	275	1,931	11,991	65	3,144	151	2,967
2013	서초구	보건업 및 사회복지 서비스업	1,442	442	16,684	3,968	12,716	1,295	9,471	11	60	88	6,605	48	548	1,383	10,728	16	851	43	5,105
2013	서초구	예술 스포츠 및 여가관련 서비스업	1,155	441	5,274	2,810	2,464	970	2,187	111	1,074	44	1,907	30	106	1,124	4,672	14	298	17	304
2013	서초구	협회 및 단체 수리 및 기타 개인서비스업	3,352	1,388	12,503	6,815	5,688	2,302	5,289	154	2,698	347	2,658	549	1,858	3,190	9,999	70	1,593	92	911
2013	강남구	합계	62,614	19,295	617,340	357,525	259,815	38,132	132,188	21,808	422,281	1,594	55,615	1,080	7,256	55,390	354,050	2,897	179,817	4,327	83,473
2013	강남구	농업 임업 및 어업	8	2	40	31	9	-	-	5	24	3	16	-	-	6	21	2	19	-	-
2013	강남구	광업	2	-	7	6	1	-	-	2	7	-	-	-	-	2	7	-	-	-	-
2013	강남구	제조업	1,454	426	13,705	6,216	7,489	912	2,820	537	10,804	5	81	-	-	1,274	5,249	135	7,788	45	668
2013	강남구	전기 가스 증기 및 수도사업	21	-	4,058	3,481	577	1	1	14	1,928	6	2,129	-	-	6	129	9	3,746	6	183
2013	강남구	하수폐기물처리 원료재생 및 환경복원업	24	2	774	676	98	3	11	21	763	-	-	-	-	16	521	5	159	3	94
2013	강남구	건설업	2,048	268	46,350	39,931	6,419	538	1,319	1,508	45,008	2	23	-	-	1,816	25,631	139	16,844	93	3,875
2013	강남구	도매 및 소매업	15,274	5,136	120,762	67,421	53,341	8,341	21,614	6,883	98,569	41	525	9	54	12,925	58,478	1,022	42,582	1,327	19,702
2013	강남구	운수업	3,008	144	10,298	8,434	1,864	2,663	3,331	279	5,921	62	1,012	4	34	2,851	6,452	91	2,775	66	1,071
2013	강남구	숙박 및 음식점업	10,498	5,275	56,463	24,759	31,704	9,234	38,042	1,250	18,317	11	78	3	26	9,602	42,857	138	4,190	758	9,416
2013	강남구	출판 영상 방송통신 및 정보서비스업	3,407	428	57,184	39,756	17,428	720	2,171	2,654	53,212	30	1,720	3	81	3,125	39,639	159	13,702	123	3,843
2013	강남구	금융 및 보험업	1,540	163	35,138	21,516	13,622	115	287	1,299	30,700	110	4,058	16	93	629	4,150	108	13,073	803	17,915
2013	강남구	부동산업 및 임대업	4,148	1,084	24,767	16,257	8,510	2,465	5,964	1,368	14,109	18	1,341	297	3,353	3,863	17,984	127	3,637	158	3,146
2013	강남구	전문 과학 및 기술 서비스업	7,428	1,106	101,699	67,114	34,585	3,124	11,403	3,715	74,842	550	15,282	39	172	6,437	56,509	590	36,093	401	9,097
2013	강남구	사업시설관리 및 사업지원 서비스업	1,533	382	52,356	26,715	25,641	400	1,394	1,094	50,058	20	742	19	162	1,260	27,732	147	21,551	126	3,073
2013	강남구	공공행정 국방 및 사회보장 행정	60	4	6,370	3,905	2,465	-	-	-	-	60	6,370	-	-	57	5,948	1	290	2	132
2013	강남구	교육 서비스업	3,179	1,394	25,131	10,338	14,793	2,262	7,496	711	10,315	149	6,876	57	444	2,859	17,188	89	2,805	231	5,138
2013	강남구	보건업 및 사회복지 서비스업	2,622	639	33,086	7,508	25,578	2,431	21,101	34	492	98	10,815	59	678	2,553	22,702	20	6,699	49	3,685
2013	강남구	예술 스포츠 및 여가관련 서비스업	1,533	555	7,465	4,277	3,188	1,285	3,290	185	2,910	44	1,157	19	108	1,463	5,188	23	1,510	47	767
2013	강남구	협회 및 단체 수리 및 기타 개인서비스업	4,827	2,287	21,687	9,184	12,503	3,638	11,944	249	4,302	385	3,390	555	2,051	4,646	17,665	92	2,354	89	1,668
2013	송파구	합계	43,503	14,564	253,215	150,445	102,770	32,131	76,458	9,197	135,831	859	34,386	1,316	6,540	40,813	171,895	807	40,722	1,883	40,598
2013	송파구	농업 임업 및 어업	3	-	203	173	30	-	-	2	40	1	163	-	-	1	5	2	198	-	-
2013	송파구	광업	1	-	2	1	1	1	2	-	-	-	-	-	-	1	2	-	-	-	-
2013	송파구	제조업	1,380	323	9,651	5,660	3,991	1,051	2,742	324	6,870	5	39	-	-	1,300	5,645	62	3,755	18	251
2013	송파구	전기 가스 증기 및 수도사업	7	-	41	40	1	-	-	4	12	3	29	-	-	6	35	1	6	-	-
2013	송파구	하수폐기물처리 원료재생 및 환경복원업	29	3	468	399	69	2	13	20	436	7	19	-	-	27	453	1	2	1	13
2013	송파구	건설업	1,725	229	25,800	22,332	3,468	687	1,783	1,037	23,997	1	20	-	-	1,618	20,575	65	4,364	42	861
2013	송파구	도매 및 소매업	13,322	4,539	50,727	30,867	19,860	8,655	18,681	4,631	31,698	31	253	5	95	12,394	35,871	327	7,598	601	7,258
2013	송파구	운수업	5,454	244	11,972	11,222	750	5,292	5,675	129	5,792	30	493	3	12	5,401	10,714	13	667	40	591
2013	송파구	숙박 및 음식점업	6,347	3,628	23,088	9,495	13,593	5,992	17,908	343	4,962	7	198	5	20	6,095	18,667	20	424	232	3,997
2013	송파구	출판 영상 방송통신 및 정보서비스업	688	96	10,120	7,557	2,563	190	422	466	8,255	28	1,438	4	5	626	5,506	34	2,700	28	1,914
2013	송파구	금융 및 보험업	510	80	9,259	4,651	4,608	45	78	393	6,192	71	2,986	1	3	133	969	17	2,040	360	6,250
2013	송파구	부동산업 및 임대업	2,217	722	9,577	6,506	3,071	1,650	2,812	357	4,326	11	414	199	2,025	2,118	6,670	39	2,357	60	550
2013	송파구	전문 과학 및 기술 서비스업	1,717	220	19,699	14,146	5,553	843	2,683	762	15,742	107	1,256	5	18	1,469	9,799	102	6,378	146	3,522
2013	송파구	사업시설관리 및 사업지원 서비스업	558	118	22,339	13,068	9,271	183	1,217	356	20,898	8	88	11	136	459	13,661	33	7,348	66	1,330
2013	송파구	공공행정 국방 및 사회보장 행정	71	2	5,737	4,115	1,622	-	-	-	-	71	5,737	-	-	70	5,492	1	245	-	-
2013	송파구	교육 서비스업	2,162	1,153	17,155	6,053	11,102	1,786	5,415	190	2,577	132	8,641	54	522	2,016	12,845	35	1,328	111	2,982
2013	송파구	보건업 및 사회복지 서비스업	1,500	622	19,390	4,591	14,799	1,332	7,949	13	73	67	10,095	88	1,273	1,454	10,618	10	362	36	8,410
2013	송파구	예술 스포츠 및 여가관련 서비스업	1,452	598	6,517	3,728	2,789	1,289	2,665	59	2,418	58	1,267	46	167	1,410	4,289	16	395	26	1,833
2013	송파구	협회 및 단체 수리 및 기타 개인서비스업	4,360	1,987	11,470	5,841	5,629	3,133	6,413	111	1,543	221	1,250	895	2,264	4,215	10,079	29	555	116	836
2013	강동구	합계	29,756	10,538	133,729	73,305	60,424	25,663	58,797	2,825	53,925	423	17,152	845	3,855	28,394	90,682	275	21,119	1,087	21,928
2013	강동구	광업	1	-	9	9	-	-	-	1	9	-	-	-	-	1	9	-	-	-	-
2013	강동구	제조업	1,547	378	6,144	3,284	2,860	1,382	4,064	162	2,055	2	22	1	3	1,512	5,181	28	895	7	68
2013	강동구	전기 가스 증기 및 수도사업	5	-	336	268	68	-	-	2	23	3	313	-	-	3	234	-	-	2	102
2013	강동구	하수폐기물처리 원료재생 및 환경복원업	17	2	268	215	53	4	22	11	239	2	7	-	-	17	268	-	-	-	-
2013	강동구	건설업	973	104	16,844	14,318	2,526	587	1,246	384	15,590	2	8	-	-	928	6,283	24	10,394	21	167
2013	강동구	도매 및 소매업	7,044	2,980	23,910	12,704	11,206	5,930	13,254	1,094	10,554	15	72	5	30	6,617	17,530	89	2,713	338	3,667
2013	강동구	운수업	5,701	188	10,089	9,607	482	5,619	5,980	57	3,656	24	452	1	1	5,658	8,838	5	509	38	742
2013	강동구	숙박 및 음식점업	4,829	2,858	15,422	5,920	9,502	4,687	13,252	137	2,151	2	6	3	13	4,715	13,499	4	39	110	1,884
2013	강동구	출판 영상 방송통신 및 정보서비스업	185	35	2,959	2,199	760	80	207	96	2,526	9	226	-	-	166	1,095	8	646	11	1,218
2013	강동구	금융 및 보험업	290	47	4,892	1,663	3,229	28	68	215	4,126	47	698	-	-	54	279	8	347	228	4,266
2013	강동구	부동산업 및 임대업	1,491	529	4,367	2,902	1,465	1,161	1,903	139	813	11	43	180	1,608	1,433	3,943	14	84	44	340
2013	강동구	전문 과학 및 기술 서비스업	511	65	3,115	2,156	959	314	852	178	1,839	17	421	2	3	443	1,697	28	862	40	556
2013	강동구	사업시설관리 및 사업지원 서비스업	332	91	7,845	4,144	3,701	159	718	166	6,733	4	380	3	14	271	4,367	35	2,703	26	775
2013	강동구	공공행정 국방 및 사회보장 행정	37	5	2,434	1,791	643	-	-	-	-	37	2,434	-	-	35	2,422	1	2	1	10
2013	강동구	교육 서비스업	1,507	817	10,387	3,361	7,026	1,311	3,632	92	1,499	87	5,147	17	109	1,419	7,855	13	466	75	2,066
2013	강동구	보건업 및 사회복지 서비스업	1,136	438	13,166	3,225	9,941	1,001	6,872	8	60	70	5,557	57	677	1,079	8,033	7	400	50	4,733
2013	강동구	예술 스포츠 및 여가관련 서비스업	903	409	2,971	1,630	1,341	864	2,063	16	165	20	737	3	6	881	2,349	1	43	21	579
2013	강동구	협회 및 단체 수리 및 기타 개인서비스업	3,247	1,592	8,571	3,909	4,662	2,536	4,664	67	1,887	71	629	573	1,391	3,162	6,800	10	1,016	75	755