기간	자치구	구분	합계	합계	합계	합계	합계	조직형태별	조직형태별	조직형태별	조직형태별	조직형태별	조직형태별	조직형태별	조직형태별	사업체구분별	사업체구분별	사업체구분별	사업체구분별	사업체구분별	사업체구분별
기간	자치구	구분	합계	합계	합계	합계	합계	개인	개인	회사법인	회사법인	회사이외의 법인	회사이외의 법인	비법인단체	비법인단체	단독	단독	본사본점 등	본사본점 등	공장지사(점)영업소	공장지사(점)영업소
기간	자치구	구분	사업체수	사업체수	종사자수	종사자수	종사자수	사업체수	종사자수	사업체수	종사자수	사업체수	종사자수	사업체수	종사자수	사업체수	종사자수	사업체수	종사자수	사업체수	종사자수
기간	자치구	구분	사업체수	여성대표자	계	남	여	사업체수	종사자수	사업체수	종사자수	사업체수	종사자수	사업체수	종사자수	사업체수	종사자수	사업체수	종사자수	사업체수	종사자수
2014	서울시	합계	812,798	270,228	4,739,883	2,679,567	2,060,316	628,077	1,538,324	145,456	2,445,582	17,970	638,081	21,295	117,896	761,254	3,069,802	15,371	974,753	36,173	695,328
2014	서울시	농업 임업 및 어업	14	3	214	157	57	-	-	9	50	5	164	-	-	10	53	3	159	1	2
2014	서울시	광업	29	1	652	468	184	2	4	26	84	1	564	-	-	24	74	5	578	-	-
2014	서울시	제조업	61,218	13,126	283,523	166,679	116,844	51,399	155,712	9,662	125,495	131	1,658	26	658	59,235	229,274	1,181	40,930	802	13,319
2014	서울시	전기 가스 증기 및 수도사업	140	4	7,771	6,178	1,593	10	46	72	3,433	57	4,287	1	5	77	2,228	16	2,595	47	2,948
2014	서울시	하수폐기물처리 원료재생 및 환경복원업	470	58	6,788	5,832	956	66	218	326	6,041	77	528	1	1	411	5,639	28	747	31	402
2014	서울시	건설업	22,049	2,862	283,226	243,983	39,243	11,171	25,648	10,840	256,362	31	1,195	7	21	20,738	172,132	774	91,214	537	19,880
2014	서울시	도매 및 소매업	233,196	85,027	859,536	487,711	371,825	181,087	380,345	51,271	472,828	715	5,982	123	381	216,467	586,982	4,945	142,004	11,784	130,550
2014	서울시	운수업	95,128	4,393	260,415	219,150	41,265	89,336	99,777	5,049	145,062	656	14,984	87	592	93,212	175,814	743	56,003	1,173	28,598
2014	서울시	숙박 및 음식점업	126,557	71,152	462,721	186,165	276,556	118,632	353,131	7,640	106,920	197	2,327	88	343	120,639	377,139	513	14,836	5,405	70,746
2014	서울시	출판 영상 방송통신 및 정보서비스업	22,663	3,457	328,519	229,222	99,297	6,702	19,804	15,388	289,774	493	17,888	80	1,053	21,027	210,237	824	90,562	812	27,720
2014	서울시	금융 및 보험업	10,600	1,518	257,413	134,758	122,655	1,443	3,102	7,637	215,162	1,492	38,800	28	349	4,527	41,023	634	102,496	5,439	113,894
2014	서울시	부동산업 및 임대업	36,648	11,442	154,768	102,042	52,726	25,268	45,588	7,000	70,978	449	5,255	3,931	32,947	34,676	115,840	622	22,655	1,350	16,273
2014	서울시	전문 과학 및 기술 서비스업	37,599	5,734	422,525	279,692	142,833	18,806	62,671	15,283	298,374	3,220	60,111	290	1,369	32,743	206,265	2,514	159,553	2,342	56,707
2014	서울시	사업시설관리 및 사업지원 서비스업	13,764	3,539	378,699	188,522	190,177	5,085	17,163	8,134	350,843	245	7,994	300	2,699	11,731	192,488	903	144,620	1,130	41,591
2014	서울시	공공행정 국방 및 사회보장 행정	1,253	93	129,059	87,829	41,230	-	-	-	-	1,251	129,003	2	56	1,216	125,532	12	2,608	25	919
2014	서울시	교육 서비스업	33,288	17,455	318,984	127,370	191,614	25,731	71,970	3,850	53,747	2,739	185,482	968	7,785	30,495	189,635	585	56,023	2,208	73,326
2014	서울시	보건업 및 사회복지 서비스업	26,224	10,443	298,024	67,174	230,850	22,224	155,041	172	2,485	1,682	112,749	2,146	27,749	24,959	203,668	250	26,120	1,015	68,236
2014	서울시	예술 스포츠 및 여가관련 서비스업	20,937	8,452	78,509	42,964	35,545	18,581	41,798	1,171	14,964	696	19,302	489	2,445	20,258	60,843	149	4,779	530	12,887
2014	서울시	협회 및 단체 수리 및 기타 개인서비스업	71,021	31,469	208,537	103,671	104,866	52,534	106,306	1,926	32,980	3,833	29,808	12,728	39,443	68,809	174,936	670	16,271	1,542	17,330
2014	종로구	합계	40,923	13,499	245,698	141,165	104,533	32,340	77,013	6,314	118,054	1,292	46,116	977	4,515	38,387	143,246	805	71,811	1,731	30,641
2014	종로구	광업	3	-	9	7	2	-	-	3	9	-	-	-	-	2	4	1	5	-	-
2014	종로구	제조업	4,163	1,096	12,624	7,288	5,336	3,897	9,193	257	3,396	7	27	2	8	4,092	10,309	43	629	28	1,686
2014	종로구	전기 가스 증기 및 수도사업	6	-	402	328	74	1	1	5	401	-	-	-	-	3	12	2	372	1	18
2014	종로구	하수폐기물처리 원료재생 및 환경복원업	9	3	176	161	15	2	4	7	172	-	-	-	-	7	132	1	24	1	20
2014	종로구	건설업	370	38	22,434	19,697	2,737	187	373	183	22,061	-	-	-	-	338	1,888	21	18,659	11	1,887
2014	종로구	도매 및 소매업	17,708	5,871	43,205	25,922	17,283	15,577	27,504	2,078	15,458	43	221	10	22	16,979	34,641	235	4,056	494	4,508
2014	종로구	운수업	1,452	103	6,592	4,687	1,905	997	1,634	429	4,589	22	322	4	47	1,342	3,544	52	2,295	58	753
2014	종로구	숙박 및 음식점업	6,544	3,580	26,389	10,092	16,297	5,987	19,745	533	6,505	16	109	8	30	6,122	21,154	34	372	388	4,863
2014	종로구	출판 영상 방송통신 및 정보서비스업	953	206	14,365	8,817	5,548	437	1,279	445	12,081	49	895	22	110	874	7,790	39	4,663	40	1,912
2014	종로구	금융 및 보험업	546	66	18,560	10,460	8,100	89	178	391	17,437	65	944	1	1	271	3,732	38	9,749	237	5,079
2014	종로구	부동산업 및 임대업	1,194	272	6,521	4,413	2,108	775	1,468	299	4,141	39	290	81	622	1,096	3,902	37	1,649	61	970
2014	종로구	전문 과학 및 기술 서비스업	1,583	308	22,242	13,385	8,857	816	5,671	535	13,619	174	2,694	58	258	1,398	11,166	98	8,652	87	2,424
2014	종로구	사업시설관리 및 사업지원 서비스업	1,186	325	15,432	6,910	8,522	327	776	808	14,382	24	156	27	118	1,051	8,180	63	6,060	72	1,192
2014	종로구	공공행정 국방 및 사회보장 행정	89	7	16,856	12,364	4,492	-	-	-	-	88	16,807	1	49	86	16,557	2	288	1	11
2014	종로구	교육 서비스업	885	374	12,303	5,725	6,578	511	1,686	179	2,206	142	8,125	53	286	754	5,555	36	3,640	95	3,108
2014	종로구	보건업 및 사회복지 서비스업	676	211	13,646	3,497	10,149	532	3,084	5	44	90	9,855	49	663	617	4,685	19	8,224	40	737
2014	종로구	예술 스포츠 및 여가관련 서비스업	940	309	5,804	2,999	2,805	687	1,789	123	1,119	92	2,805	38	91	876	3,844	19	1,068	45	892
2014	종로구	협회 및 단체 수리 및 기타 개인서비스업	2,616	730	8,138	4,413	3,725	1,518	2,628	34	434	441	2,866	623	2,210	2,479	6,151	65	1,406	72	581
2014	중구	합계	65,364	23,403	380,407	212,540	167,867	53,932	120,213	9,605	207,805	1,118	48,982	709	3,407	61,257	215,783	1,263	115,224	2,844	49,400
2014	중구	광업	2	-	5	4	1	-	-	2	5	-	-	-	-	2	5	-	-	-	-
2014	중구	제조업	10,124	1,942	28,792	19,108	9,684	9,311	22,640	793	6,044	19	106	1	2	9,959	26,862	86	1,470	79	460
2014	중구	전기 가스 증기 및 수도사업	8	-	626	392	234	-	-	6	239	2	387	-	-	4	220	3	209	1	197
2014	중구	하수폐기물처리 원료재생 및 환경복원업	9	-	142	127	15	-	-	9	142	-	-	-	-	8	140	-	-	1	2
2014	중구	건설업	427	43	6,103	4,995	1,108	234	468	190	5,235	3	400	-	-	387	2,183	20	1,354	20	2,566
2014	중구	도매 및 소매업	34,296	15,144	94,061	47,132	46,929	30,968	58,731	3,263	34,738	55	571	10	21	32,892	69,597	390	14,140	1,014	10,324
2014	중구	운수업	1,731	150	12,280	8,488	3,792	967	1,951	717	9,780	42	510	5	39	1,475	4,839	135	5,279	121	2,162
2014	중구	숙박 및 음식점업	6,140	3,192	31,263	13,195	18,068	5,427	17,778	692	13,060	20	421	1	4	5,591	21,189	47	4,340	502	5,734
2014	중구	출판 영상 방송통신 및 정보서비스업	1,079	184	27,471	19,805	7,666	433	1,157	609	24,923	28	1,363	9	28	948	10,153	65	15,662	66	1,656
2014	중구	금융 및 보험업	1,277	186	54,612	29,719	24,893	292	569	866	46,701	113	7,253	6	89	698	9,863	98	31,490	481	13,259
2014	중구	부동산업 및 임대업	1,684	356	9,192	6,242	2,950	971	1,866	585	6,453	34	231	94	642	1,516	5,517	59	2,252	109	1,423
2014	중구	전문 과학 및 기술 서비스업	2,880	495	36,652	23,025	13,627	1,922	5,359	788	28,135	148	3,071	22	87	2,591	13,001	177	20,469	112	3,182
2014	중구	사업시설관리 및 사업지원 서비스업	1,391	307	30,138	14,726	15,412	499	1,276	849	28,571	11	120	32	171	1,179	13,911	97	12,600	115	3,627
2014	중구	공공행정 국방 및 사회보장 행정	69	5	19,591	12,481	7,110	-	-	-	-	69	19,591	-	-	66	18,641	3	950	-	-
2014	중구	교육 서비스업	516	234	8,270	3,844	4,426	281	712	100	1,790	105	5,580	30	188	420	3,285	27	3,216	69	1,769
2014	중구	보건업 및 사회복지 서비스업	699	207	8,208	2,223	5,985	583	3,491	4	75	64	4,201	48	441	656	6,346	7	391	36	1,471
2014	중구	예술 스포츠 및 여가관련 서비스업	596	192	3,739	1,970	1,769	483	1,059	56	1,064	41	1,535	16	81	556	2,615	6	180	34	944
2014	중구	협회 및 단체 수리 및 기타 개인서비스업	2,436	766	9,262	5,064	4,198	1,561	3,156	76	850	364	3,642	435	1,614	2,309	7,416	43	1,222	84	624
2014	용산구	합계	20,482	6,675	126,073	71,838	54,235	14,852	34,990	4,622	65,822	563	21,053	445	4,208	18,824	73,614	496	30,692	1,162	21,767
2014	용산구	제조업	1,072	215	3,709	2,192	1,517	939	2,735	130	926	3	48	-	-	1,046	3,398	17	179	9	132
2014	용산구	전기 가스 증기 및 수도사업	4	-	70	30	40	1	2	3	68	-	-	-	-	3	63	1	7	-	-
2014	용산구	하수폐기물처리 원료재생 및 환경복원업	11	3	173	142	31	4	19	4	91	3	63	-	-	9	112	-	-	2	61
2014	용산구	건설업	420	50	7,776	6,646	1,130	214	450	201	6,826	5	500	-	-	379	2,779	22	3,546	19	1,451
2014	용산구	도매 및 소매업	7,611	2,204	29,269	19,325	9,944	5,126	9,770	2,459	19,259	23	234	3	6	7,010	19,059	207	6,400	394	3,810
2014	용산구	운수업	1,400	91	4,294	3,463	831	1,273	1,572	101	1,766	26	956	-	-	1,336	2,332	18	523	46	1,439
2014	용산구	숙박 및 음식점업	3,941	2,139	16,728	7,694	9,034	3,543	10,983	388	5,681	6	53	4	11	3,673	12,353	44	1,643	224	2,732
2014	용산구	출판 영상 방송통신 및 정보서비스업	547	91	7,833	4,669	3,164	208	555	317	6,537	21	737	1	4	509	3,860	18	1,311	20	2,662
2014	용산구	금융 및 보험업	291	33	5,299	2,625	2,674	36	66	209	4,572	45	647	1	14	82	469	18	1,308	191	3,522
2014	용산구	부동산업 및 임대업	1,015	351	4,725	3,222	1,503	740	1,168	147	1,921	18	388	110	1,248	960	3,334	18	1,069	37	322
2014	용산구	전문 과학 및 기술 서비스업	712	128	10,892	6,811	4,081	332	904	319	6,623	55	3,341	6	24	626	3,450	45	6,942	41	500
2014	용산구	사업시설관리 및 사업지원 서비스업	321	85	10,273	3,926	6,347	124	413	183	9,551	6	122	8	187	264	4,414	27	4,568	30	1,291
2014	용산구	공공행정 국방 및 사회보장 행정	46	1	4,188	2,762	1,426	-	-	-	-	46	4,188	-	-	45	4,138	-	-	1	50
2014	용산구	교육 서비스업	527	290	7,202	2,353	4,849	355	937	68	743	75	5,037	29	485	467	3,924	20	2,377	40	901
2014	용산구	보건업 및 사회복지 서비스업	492	205	5,508	1,437	4,071	388	2,154	3	8	48	2,456	53	890	459	3,408	9	193	24	1,907
2014	용산구	예술 스포츠 및 여가관련 서비스업	390	135	2,023	1,104	919	332	678	29	325	21	993	8	27	375	1,661	3	70	12	292
2014	용산구	협회 및 단체 수리 및 기타 개인서비스업	1,682	654	6,111	3,437	2,674	1,237	2,584	61	925	162	1,290	222	1,312	1,581	4,860	29	556	72	695
2014	성동구	합계	25,714	7,430	152,831	90,787	62,044	19,348	48,796	5,224	79,089	506	21,175	636	3,771	24,148	101,674	522	25,346	1,044	25,811
2014	성동구	광업	1	-	4	3	1	-	-	1	4	-	-	-	-	-	-	1	4	-	-
2014	성동구	제조업	4,570	801	28,653	18,649	10,004	3,582	12,931	977	15,631	10	82	1	9	4,328	20,979	138	4,276	104	3,398
2014	성동구	전기 가스 증기 및 수도사업	12	-	764	661	103	1	2	6	372	5	390	-	-	6	265	1	337	5	162
2014	성동구	하수폐기물처리 원료재생 및 환경복원업	27	2	396	350	46	1	5	16	201	10	190	-	-	22	375	1	6	4	15
2014	성동구	건설업	636	80	5,564	4,615	949	321	779	313	4,776	1	6	1	3	593	4,680	24	678	19	206
2014	성동구	도매 및 소매업	6,991	2,060	27,999	17,228	10,771	4,910	10,633	2,054	17,125	23	233	4	8	6,489	20,049	172	4,519	330	3,431
2014	성동구	운수업	2,710	113	7,946	7,026	920	2,550	3,133	112	3,169	41	1,622	7	22	2,653	5,403	15	845	42	1,698
2014	성동구	숙박 및 음식점업	3,444	1,973	10,372	3,968	6,404	3,294	8,767	146	1,581	2	15	2	9	3,335	9,095	6	73	103	1,204
2014	성동구	출판 영상 방송통신 및 정보서비스업	633	80	6,948	5,209	1,739	161	434	458	6,402	12	100	2	12	589	6,063	22	419	22	466
2014	성동구	금융 및 보험업	300	46	2,741	1,296	1,445	106	171	146	2,110	48	460	-	-	162	533	15	277	123	1,931
2014	성동구	부동산업 및 임대업	1,109	340	4,600	3,239	1,361	750	1,341	188	2,008	12	45	159	1,206	1,051	3,410	17	795	41	395
2014	성동구	전문 과학 및 기술 서비스업	915	141	9,128	6,310	2,818	442	1,477	408	6,840	58	734	7	77	790	5,635	56	2,007	69	1,486
2014	성동구	사업시설관리 및 사업지원 서비스업	294	63	17,628	7,899	9,729	131	614	149	14,591	10	2,346	4	77	241	4,362	21	10,451	32	2,815
2014	성동구	공공행정 국방 및 사회보장 행정	46	3	3,913	2,904	1,009	-	-	-	-	46	3,913	-	-	46	3,913	-	-	-	-
2014	성동구	교육 서비스업	760	419	9,885	3,721	6,164	559	1,364	68	1,112	85	7,042	48	367	709	5,278	8	183	43	4,424
2014	성동구	보건업 및 사회복지 서비스업	632	281	6,787	1,571	5,216	516	3,117	3	54	33	2,658	80	958	607	4,340	2	29	23	2,418
2014	성동구	예술 스포츠 및 여가관련 서비스업	536	217	1,871	1,109	762	485	1,041	22	210	16	571	13	49	517	1,458	3	15	16	398
2014	성동구	협회 및 단체 수리 및 기타 개인서비스업	2,098	811	7,632	5,029	2,603	1,539	2,987	157	2,903	94	768	308	974	2,010	5,836	20	432	68	1,364
2014	광진구	합계	24,760	8,759	117,420	65,612	51,808	20,413	50,165	3,207	44,672	451	18,914	689	3,669	23,472	84,755	290	12,547	998	20,118
2014	광진구	제조업	1,924	445	8,075	4,382	3,693	1,651	5,578	270	2,297	3	200	-	-	1,885	7,120	25	683	14	272
2014	광진구	전기 가스 증기 및 수도사업	3	-	111	99	12	-	-	1	20	2	91	-	-	1	85	-	-	2	26
2014	광진구	하수폐기물처리 원료재생 및 환경복원업	13	-	136	125	11	-	-	9	128	4	8	-	-	12	114	-	-	1	22
2014	광진구	건설업	818	112	10,371	9,512	859	476	1,052	342	9,319	-	-	-	-	776	8,683	22	1,375	20	313
2014	광진구	도매 및 소매업	6,219	2,234	19,432	10,753	8,679	4,981	10,543	1,219	8,785	18	103	1	1	5,763	15,246	101	1,127	355	3,059
2014	광진구	운수업	2,608	104	5,820	5,380	440	2,511	2,806	75	2,642	20	366	2	6	2,553	3,989	9	405	46	1,426
2014	광진구	숙박 및 음식점업	4,622	2,633	16,729	7,068	9,661	4,422	13,002	186	3,651	11	71	3	5	4,479	13,359	5	51	138	3,319
2014	광진구	출판 영상 방송통신 및 정보서비스업	390	56	3,773	2,412	1,361	159	418	216	2,298	13	1,054	2	3	366	2,902	5	219	19	652
2014	광진구	금융 및 보험업	200	31	2,902	1,315	1,587	28	66	132	2,193	40	643	-	-	73	310	10	511	117	2,081
2014	광진구	부동산업 및 임대업	1,142	397	3,558	2,315	1,243	877	1,537	146	936	10	62	109	1,023	1,090	3,067	15	150	37	341
2014	광진구	전문 과학 및 기술 서비스업	773	105	4,706	3,371	1,335	459	1,296	266	2,837	47	572	1	1	682	3,002	40	545	51	1,159
2014	광진구	사업시설관리 및 사업지원 서비스업	400	97	7,648	4,347	3,301	202	532	190	6,913	4	156	4	47	346	4,090	21	2,577	33	981
2014	광진구	공공행정 국방 및 사회보장 행정	37	2	2,555	1,735	820	-	-	-	-	37	2,555	-	-	36	2,549	-	-	1	6
2014	광진구	교육 서비스업	1,114	595	12,507	5,754	6,753	875	2,427	88	894	105	8,789	46	397	1,015	5,795	19	4,404	80	2,308
2014	광진구	보건업 및 사회복지 서비스업	849	336	9,283	2,033	7,250	735	4,902	5	156	36	3,321	73	904	821	6,503	2	188	26	2,592
2014	광진구	예술 스포츠 및 여가관련 서비스업	914	393	3,469	2,022	1,447	866	1,818	20	1,050	20	524	8	77	899	2,053	2	160	13	1,256
2014	광진구	협회 및 단체 수리 및 기타 개인서비스업	2,734	1,219	6,345	2,989	3,356	2,171	4,188	42	553	81	399	440	1,205	2,675	5,888	14	152	45	305
2014	동대문구	합계	32,878	10,732	137,079	74,524	62,555	28,211	62,894	3,399	44,315	512	25,765	756	4,105	31,598	96,254	328	16,786	952	24,039
2014	동대문구	농업 임업 및 어업	1	-	3	1	2	-	-	1	3	-	-	-	-	1	3	-	-	-	-
2014	동대문구	광업	1	-	3	1	2	-	-	1	3	-	-	-	-	1	3	-	-	-	-
2014	동대문구	제조업	3,418	772	12,768	6,943	5,825	2,973	8,638	440	4,110	5	20	-	-	3,340	11,297	52	1,157	26	314
2014	동대문구	전기 가스 증기 및 수도사업	1	-	2	2	-	1	2	-	-	-	-	-	-	1	2	-	-	-	-
2014	동대문구	하수폐기물처리 원료재생 및 환경복원업	17	-	137	93	44	4	6	7	115	6	16	-	-	16	133	-	-	1	4
2014	동대문구	건설업	753	91	5,719	4,949	770	477	1,015	276	4,704	-	-	-	-	732	3,898	12	1,721	9	100
2014	동대문구	도매 및 소매업	11,656	3,774	32,274	19,279	12,995	10,056	19,880	1,570	12,210	25	161	5	23	11,217	26,550	128	1,949	311	3,775
2014	동대문구	운수업	3,705	162	7,339	6,345	994	3,612	4,116	71	2,208	15	980	7	35	3,679	5,301	5	979	21	1,059
2014	동대문구	숙박 및 음식점업	5,132	3,047	14,166	5,378	8,788	4,978	12,650	143	1,405	6	81	5	30	5,009	12,848	12	132	111	1,186
2014	동대문구	출판 영상 방송통신 및 정보서비스업	265	45	2,145	995	1,150	142	344	105	1,461	17	338	1	2	250	1,386	5	53	10	706
2014	동대문구	금융 및 보험업	311	46	5,359	1,611	3,748	41	83	208	4,696	62	580	-	-	89	559	17	305	205	4,495
2014	동대문구	부동산업 및 임대업	1,268	367	4,044	2,777	1,267	974	1,607	159	1,393	19	85	116	959	1,221	3,348	14	420	33	276
2014	동대문구	전문 과학 및 기술 서비스업	608	82	7,339	4,894	2,445	393	1,173	148	4,040	46	2,015	21	111	530	3,087	40	3,349	38	903
2014	동대문구	사업시설관리 및 사업지원 서비스업	344	87	6,963	3,899	3,064	184	433	149	5,784	8	705	3	41	302	3,174	11	3,229	31	560
2014	동대문구	공공행정 국방 및 사회보장 행정	51	2	3,573	2,535	1,038	-	-	-	-	51	3,573	-	-	51	3,573	-	-	-	-
2014	동대문구	교육 서비스업	934	491	14,877	7,070	7,807	730	1,869	54	1,287	103	11,270	47	451	860	6,416	12	3,159	62	5,302
2014	동대문구	보건업 및 사회복지 서비스업	912	344	11,863	3,198	8,665	801	5,970	3	16	33	4,900	75	977	886	7,419	3	23	23	4,421
2014	동대문구	예술 스포츠 및 여가관련 서비스업	718	294	2,066	1,078	988	672	1,349	17	109	14	502	15	106	701	1,582	6	137	11	347
2014	동대문구	협회 및 단체 수리 및 기타 개인서비스업	2,783	1,128	6,439	3,476	2,963	2,173	3,759	47	771	102	539	461	1,370	2,712	5,675	11	173	60	591
2014	중랑구	합계	28,047	9,316	99,712	52,264	47,448	25,089	58,646	1,793	24,939	365	12,690	800	3,437	27,192	82,548	146	6,095	709	11,069
2014	중랑구	광업	3	1	9	8	1	-	-	3	9	-	-	-	-	3	9	-	-	-	-
2014	중랑구	제조업	3,473	969	15,729	6,457	9,272	3,257	13,593	213	2,070	3	66	-	-	3,437	15,176	19	287	17	266
2014	중랑구	전기 가스 증기 및 수도사업	2	-	100	35	65	-	-	1	23	1	77	-	-	1	23	-	-	1	77
2014	중랑구	하수폐기물처리 원료재생 및 환경복원업	20	2	218	148	70	5	11	11	198	4	9	-	-	18	175	-	-	2	43
2014	중랑구	건설업	927	98	4,524	3,984	540	685	1,690	242	2,834	-	-	-	-	905	4,212	14	239	8	73
2014	중랑구	도매 및 소매업	5,789	2,194	16,618	8,858	7,760	5,106	10,851	667	5,368	15	396	1	3	5,484	13,027	50	811	255	2,780
2014	중랑구	운수업	6,255	299	13,662	13,020	642	6,149	6,746	92	6,746	14	170	-	-	6,212	11,614	6	867	37	1,181
2014	중랑구	숙박 및 음식점업	4,172	2,606	10,922	3,979	6,943	4,098	10,036	72	876	2	10	-	-	4,108	10,105	3	20	61	797
2014	중랑구	출판 영상 방송통신 및 정보서비스업	147	23	1,154	678	476	79	224	60	711	7	217	1	2	133	783	3	92	11	279
2014	중랑구	금융 및 보험업	147	18	1,797	681	1,116	26	55	75	1,196	46	546	-	-	47	259	10	160	90	1,378
2014	중랑구	부동산업 및 임대업	983	336	2,486	1,555	931	765	1,187	92	550	10	53	116	696	941	2,123	2	27	40	336
2014	중랑구	전문 과학 및 기술 서비스업	331	67	1,421	854	567	237	609	70	657	20	140	4	15	293	855	13	350	25	216
2014	중랑구	사업시설관리 및 사업지원 서비스업	274	64	2,830	1,646	1,184	164	598	98	2,118	7	71	5	43	246	1,755	10	840	18	235
2014	중랑구	공공행정 국방 및 사회보장 행정	43	3	2,911	2,005	906	-	-	-	-	43	2,911	-	-	43	2,911	-	-	-	-
2014	중랑구	교육 서비스업	926	561	7,838	2,340	5,498	787	2,214	49	1,041	64	4,331	26	252	880	5,469	7	986	39	1,383
2014	중랑구	보건업 및 사회복지 서비스업	866	375	8,879	1,867	7,012	758	5,319	1	5	39	2,716	68	839	833	6,330	5	1,398	28	1,151
2014	중랑구	예술 스포츠 및 여가관련 서비스업	830	339	2,452	1,302	1,150	745	1,565	9	49	32	733	44	105	805	1,945	1	1	24	506
2014	중랑구	협회 및 단체 수리 및 기타 개인서비스업	2,859	1,361	6,162	2,847	3,315	2,228	3,948	38	488	58	244	535	1,482	2,803	5,777	3	17	53	368
2014	성북구	합계	25,104	9,041	107,496	54,503	52,993	21,944	51,042	1,730	23,652	604	28,405	826	4,397	24,133	78,178	197	12,219	774	17,099
2014	성북구	제조업	2,509	622	9,470	4,318	5,152	2,371	8,029	134	1,420	2	11	2	10	2,480	8,915	17	481	12	74
2014	성북구	전기 가스 증기 및 수도사업	3	-	20	18	2	1	1	1	5	1	14	-	-	2	15	-	-	1	5
2014	성북구	하수폐기물처리 원료재생 및 환경복원업	13	2	146	131	15	4	12	8	132	1	2	-	-	13	146	-	-	-	-
2014	성북구	건설업	612	67	3,668	3,035	633	418	929	193	2,720	1	19	-	-	590	3,212	7	187	15	269
2014	성북구	도매 및 소매업	5,514	2,226	16,259	8,447	7,812	4,900	10,742	594	5,413	16	96	4	8	5,247	12,990	62	1,130	205	2,139
2014	성북구	운수업	3,739	165	7,125	6,767	358	3,674	3,990	54	2,996	11	139	-	-	3,718	6,185	6	794	15	146
2014	성북구	숙박 및 음식점업	4,491	2,555	13,168	5,124	8,044	4,341	11,348	145	1,762	5	58	-	-	4,380	11,690	14	204	97	1,274
2014	성북구	출판 영상 방송통신 및 정보서비스업	236	51	1,856	1,091	765	120	297	95	1,032	20	524	1	3	221	1,348	5	59	10	449
2014	성북구	금융 및 보험업	174	22	1,674	743	931	28	44	91	1,157	55	473	-	-	50	198	12	106	112	1,370
2014	성북구	부동산업 및 임대업	1,094	392	2,972	1,865	1,107	869	1,220	78	635	27	116	120	1,001	1,060	2,528	5	16	29	428
2014	성북구	전문 과학 및 기술 서비스업	434	67	2,714	1,598	1,116	271	683	118	838	33	1,162	12	31	398	1,363	10	1,015	26	336
2014	성북구	사업시설관리 및 사업지원 서비스업	234	50	4,391	2,408	1,983	136	436	83	3,598	9	269	6	88	213	2,840	10	977	11	574
2014	성북구	공공행정 국방 및 사회보장 행정	54	6	3,426	2,420	1,006	-	-	-	-	54	3,426	-	-	54	3,426	-	-	-	-
2014	성북구	교육 서비스업	1,304	727	21,230	9,864	11,366	1,036	2,813	78	1,112	165	17,114	25	191	1,160	8,243	18	6,709	126	6,278
2014	성북구	보건업 및 사회복지 서비스업	1,031	460	10,667	2,244	8,423	833	5,258	7	201	93	3,960	98	1,248	971	7,361	11	307	49	2,999
2014	성북구	예술 스포츠 및 여가관련 서비스업	698	268	2,049	1,153	896	637	1,417	24	152	25	427	12	53	673	1,717	3	13	22	319
2014	성북구	협회 및 단체 수리 및 기타 개인서비스업	2,964	1,361	6,661	3,277	3,384	2,305	3,823	27	479	86	595	546	1,764	2,903	6,001	17	221	44	439
2014	강북구	합계	19,223	6,982	70,919	34,285	36,634	17,174	40,248	1,031	16,984	331	10,068	687	3,619	18,547	57,634	94	2,701	582	10,584
2014	강북구	제조업	1,616	404	6,604	2,851	3,753	1,548	5,768	62	760	1	35	5	41	1,599	6,285	10	230	7	89
2014	강북구	전기 가스 증기 및 수도사업	2	-	208	159	49	-	-	-	-	2	208	-	-	1	131	-	-	1	77
2014	강북구	하수폐기물처리 원료재생 및 환경복원업	7	2	146	129	17	-	-	7	146	-	-	-	-	7	146	-	-	-	-
2014	강북구	건설업	529	57	2,101	1,781	320	412	757	117	1,344	-	-	-	-	521	1,894	2	69	6	138
2014	강북구	도매 및 소매업	4,063	1,646	11,019	5,508	5,511	3,688	7,961	357	3,008	9	35	9	15	3,881	9,118	25	240	157	1,661
2014	강북구	운수업	3,239	143	6,436	6,133	303	3,188	3,446	30	2,820	20	162	1	8	3,211	5,317	4	717	24	402
2014	강북구	숙박 및 음식점업	3,775	2,259	10,541	4,156	6,385	3,695	9,542	66	871	10	115	4	13	3,711	9,710	3	56	61	775
2014	강북구	출판 영상 방송통신 및 정보서비스업	108	18	729	392	337	57	183	41	400	10	146	-	-	95	439	6	113	7	177
2014	강북구	금융 및 보험업	209	38	3,908	1,053	2,855	39	183	139	3,376	31	349	-	-	54	372	6	168	149	3,368
2014	강북구	부동산업 및 임대업	772	265	1,796	1,102	694	635	956	65	419	7	19	65	402	746	1,552	5	46	21	198
2014	강북구	전문 과학 및 기술 서비스업	286	47	1,098	602	496	226	649	34	183	24	258	2	8	256	902	7	43	23	153
2014	강북구	사업시설관리 및 사업지원 서비스업	162	49	3,377	1,504	1,873	96	388	53	2,699	5	111	8	179	138	1,998	9	432	15	947
2014	강북구	공공행정 국방 및 사회보장 행정	43	2	2,865	2,116	749	-	-	-	-	42	2,858	1	7	42	2,859	-	-	1	6
2014	강북구	교육 서비스업	709	412	5,813	2,043	3,770	596	1,456	27	539	60	3,681	26	137	666	3,865	7	452	36	1,496
2014	강북구	보건업 및 사회복지 서비스업	740	282	6,905	1,472	5,433	596	4,162	1	7	44	1,267	99	1,469	708	6,493	5	34	27	378
2014	강북구	예술 스포츠 및 여가관련 서비스업	661	300	1,919	986	933	625	1,316	5	23	20	492	11	88	644	1,466	-	-	17	453
2014	강북구	협회 및 단체 수리 및 기타 개인서비스업	2,302	1,058	5,454	2,298	3,156	1,773	3,481	27	389	46	332	456	1,252	2,267	5,087	5	101	30	266
2014	도봉구	합계	18,584	6,246	66,137	35,065	31,072	16,431	34,168	1,108	17,261	276	10,618	769	4,090	17,972	55,296	79	1,931	533	8,910
2014	도봉구	농업 임업 및 어업	1	-	2	1	1	-	-	1	2	-	-	-	-	1	2	-	-	-	-
2014	도봉구	제조업	1,040	262	4,207	2,044	2,163	956	3,226	80	928	4	53	-	-	1,029	4,036	4	103	7	68
2014	도봉구	하수폐기물처리 원료재생 및 환경복원업	12	2	124	93	31	3	9	9	115	-	-	-	-	11	120	-	-	1	4
2014	도봉구	건설업	463	68	1,877	1,522	355	349	704	113	1,172	-	-	1	1	451	1,743	5	40	7	94
2014	도봉구	도매 및 소매업	3,686	1,503	11,184	5,815	5,369	3,249	6,904	413	4,099	21	172	3	9	3,467	8,254	22	178	197	2,752
2014	도봉구	운수업	4,813	147	10,240	9,809	431	4,748	4,972	55	5,142	10	126	-	-	4,788	9,239	3	474	22	527
2014	도봉구	숙박 및 음식점업	2,706	1,655	7,333	2,673	4,660	2,640	6,567	58	707	8	59	-	-	2,656	6,731	7	60	43	542
2014	도봉구	출판 영상 방송통신 및 정보서비스업	88	17	694	463	231	52	106	28	144	7	36	1	408	83	631	2	4	3	59
2014	도봉구	금융 및 보험업	125	16	1,242	633	609	40	113	62	813	23	316	-	-	56	291	3	73	66	878
2014	도봉구	부동산업 및 임대업	796	327	2,823	1,781	1,042	580	828	65	938	5	20	146	1,037	757	2,062	6	472	33	289
2014	도봉구	전문 과학 및 기술 서비스업	324	44	1,467	942	525	251	782	47	449	23	231	3	5	295	1,039	10	186	19	242
2014	도봉구	사업시설관리 및 사업지원 서비스업	160	66	1,331	574	757	89	361	65	919	2	11	4	40	140	926	5	176	15	229
2014	도봉구	공공행정 국방 및 사회보장 행정	35	3	3,292	2,032	1,260	-	-	-	-	35	3,292	-	-	35	3,292	-	-	-	-
2014	도봉구	교육 서비스업	958	523	7,279	2,193	5,086	798	1,720	62	813	62	4,398	36	348	905	5,298	6	94	47	1,887
2014	도봉구	보건업 및 사회복지 서비스업	784	381	7,041	1,432	5,609	616	4,348	7	146	48	1,506	113	1,041	741	6,451	4	26	39	564
2014	도봉구	예술 스포츠 및 여가관련 서비스업	544	237	1,499	781	718	516	1,045	9	62	7	306	12	86	536	1,207	-	-	8	292
2014	도봉구	협회 및 단체 수리 및 기타 개인서비스업	2,049	995	4,502	2,277	2,225	1,544	2,483	34	812	21	92	450	1,115	2,021	3,974	2	45	26	483
2014	노원구	합계	26,081	9,044	109,272	53,534	55,738	22,822	50,950	1,779	27,477	483	24,729	997	6,116	24,930	79,271	145	7,326	1,006	22,675
2014	노원구	농업 임업 및 어업	1	-	2	2	-	-	-	-	-	1	2	-	-	-	-	-	-	1	2
2014	노원구	제조업	817	171	3,733	2,076	1,657	682	2,128	127	1,342	6	99	2	164	790	3,320	17	263	10	150
2014	노원구	전기 가스 증기 및 수도사업	4	-	234	200	34	-	-	1	85	3	149	-	-	-	-	-	-	4	234
2014	노원구	하수폐기물처리 원료재생 및 환경복원업	15	2	124	104	20	3	8	12	116	-	-	-	-	14	104	-	-	1	20
2014	노원구	건설업	485	91	1,783	1,442	341	343	695	141	1,083	1	5	-	-	473	1,619	4	47	8	117
2014	노원구	도매 및 소매업	5,006	2,216	15,196	7,108	8,088	4,395	9,981	596	5,108	11	90	4	17	4,678	11,527	31	319	297	3,350
2014	노원구	운수업	6,680	245	12,241	11,711	530	6,588	6,734	57	4,667	32	813	3	27	6,632	10,272	2	347	46	1,622
2014	노원구	숙박 및 음식점업	4,115	2,392	13,352	5,148	8,204	3,975	11,313	130	1,993	7	32	3	14	4,011	11,668	4	29	100	1,655
2014	노원구	출판 영상 방송통신 및 정보서비스업	147	39	1,278	819	459	66	143	64	788	15	312	2	35	134	748	2	21	11	509
2014	노원구	금융 및 보험업	234	29	4,076	1,179	2,897	27	65	176	3,584	30	418	1	9	48	507	4	44	182	3,525
2014	노원구	부동산업 및 임대업	1,216	477	4,048	2,739	1,309	848	1,425	94	716	8	56	266	1,851	1,165	3,504	11	152	40	392
2014	노원구	전문 과학 및 기술 서비스업	386	72	2,376	1,197	1,179	251	617	97	1,343	33	407	5	9	340	1,235	19	842	27	299
2014	노원구	사업시설관리 및 사업지원 서비스업	212	61	4,237	2,313	1,924	120	659	77	3,276	6	200	9	102	183	2,374	9	279	20	1,584
2014	노원구	공공행정 국방 및 사회보장 행정	41	5	2,605	1,789	816	-	-	-	-	41	2,605	-	-	40	2,545	-	-	1	60
2014	노원구	교육 서비스업	1,835	962	20,437	8,758	11,679	1,523	4,552	140	2,597	138	12,969	34	319	1,688	12,395	24	2,577	123	5,465
2014	노원구	보건업 및 사회복지 서비스업	1,389	691	14,741	2,704	12,037	1,202	7,037	6	94	97	5,797	84	1,813	1,299	9,394	11	2,346	79	3,001
2014	노원구	예술 스포츠 및 여가관련 서비스업	857	340	2,715	1,545	1,170	810	1,844	18	144	17	576	12	151	838	2,363	2	19	17	333
2014	노원구	협회 및 단체 수리 및 기타 개인서비스업	2,641	1,251	6,094	2,700	3,394	1,989	3,749	43	541	37	199	572	1,605	2,597	5,696	5	41	39	357
2014	은평구	합계	24,269	9,224	84,489	40,955	43,534	21,393	46,336	1,511	20,012	510	14,493	855	3,648	23,401	68,597	132	3,372	736	12,520
2014	은평구	제조업	953	242	3,400	1,721	1,679	847	2,416	96	842	10	142	-	-	938	3,145	6	90	9	165
2014	은평구	전기 가스 증기 및 수도사업	3	-	148	125	23	-	-	1	64	2	84	-	-	-	-	-	-	3	148
2014	은평구	하수폐기물처리 원료재생 및 환경복원업	19	1	315	254	61	5	12	14	303	-	-	-	-	18	283	-	-	1	32
2014	은평구	건설업	646	97	3,828	3,260	568	387	738	255	3,080	3	8	1	2	628	3,557	11	132	7	139
2014	은평구	도매 및 소매업	5,309	2,366	15,338	7,122	8,216	4,756	10,228	528	4,963	23	140	2	7	5,023	11,903	37	566	249	2,869
2014	은평구	운수업	4,900	175	8,416	8,036	380	4,838	5,002	41	3,139	18	268	3	7	4,871	7,351	4	492	25	573
2014	은평구	숙박 및 음식점업	4,126	2,494	11,278	4,346	6,932	4,031	10,061	83	1,170	7	32	5	15	4,059	10,232	6	34	61	1,012
2014	은평구	출판 영상 방송통신 및 정보서비스업	164	32	1,068	682	386	91	240	60	572	13	256	-	-	155	837	3	154	6	77
2014	은평구	금융 및 보험업	189	33	2,708	827	1,881	27	45	111	2,115	51	548	-	-	47	300	13	182	129	2,226
2014	은평구	부동산업 및 임대업	1,187	463	2,709	1,690	1,019	951	1,364	80	466	29	87	127	792	1,159	2,523	4	13	24	173
2014	은평구	전문 과학 및 기술 서비스업	326	53	1,411	805	606	249	652	52	434	23	323	2	2	298	1,095	10	158	18	158
2014	은평구	사업시설관리 및 사업지원 서비스업	162	46	1,620	831	789	82	253	72	1,198	7	148	1	21	147	929	6	527	9	164
2014	은평구	공공행정 국방 및 사회보장 행정	49	6	2,903	2,051	852	-	-	-	-	49	2,903	-	-	47	2,660	1	204	1	39
2014	은평구	교육 서비스업	1,433	852	10,178	3,124	7,054	1,232	3,088	54	910	117	5,987	30	193	1,349	7,124	13	604	71	2,450
2014	은평구	보건업 및 사회복지 서비스업	1,079	489	10,623	2,106	8,517	912	6,726	4	54	79	2,827	84	1,016	1,020	9,013	6	76	53	1,534
2014	은평구	예술 스포츠 및 여가관련 서비스업	775	323	2,080	1,153	927	731	1,577	16	128	13	334	15	41	761	1,743	4	32	10	305
2014	은평구	협회 및 단체 수리 및 기타 개인서비스업	2,949	1,552	6,466	2,822	3,644	2,254	3,934	44	574	66	406	585	1,552	2,881	5,902	8	108	60	456
2014	서대문구	합계	19,454	7,273	102,163	51,824	50,339	16,171	36,840	2,012	32,165	610	29,638	661	3,520	18,273	63,481	206	11,318	975	27,364
2014	서대문구	제조업	740	206	2,626	1,404	1,222	663	1,802	71	723	4	97	2	4	721	2,268	8	181	11	177
2014	서대문구	전기 가스 증기 및 수도사업	3	-	451	344	107	-	-	1	47	2	404	-	-	3	451	-	-	-	-
2014	서대문구	하수폐기물처리 원료재생 및 환경복원업	10	3	176	161	15	2	8	8	168	-	-	-	-	8	129	1	46	1	1
2014	서대문구	건설업	452	58	2,989	2,603	386	299	601	152	2,387	1	1	-	-	439	2,827	4	76	9	86
2014	서대문구	도매 및 소매업	4,339	1,836	14,487	7,515	6,972	3,716	7,827	591	6,309	31	349	1	2	4,025	9,781	55	2,260	259	2,446
2014	서대문구	운수업	2,905	80	5,279	5,005	274	2,819	2,972	75	2,188	9	107	2	12	2,884	5,034	5	106	16	139
2014	서대문구	숙박 및 음식점업	4,297	2,409	14,582	5,892	8,690	4,013	11,171	269	3,353	8	27	7	31	4,070	12,043	8	82	219	2,457
2014	서대문구	출판 영상 방송통신 및 정보서비스업	320	67	3,183	2,175	1,008	149	437	145	2,282	21	448	5	16	293	2,483	10	326	17	374
2014	서대문구	금융 및 보험업	206	29	4,905	2,366	2,539	29	68	132	4,319	45	518	-	-	60	803	19	1,504	127	2,598
2014	서대문구	부동산업 및 임대업	889	336	2,798	1,758	1,040	680	1,158	89	772	22	78	98	790	856	2,474	4	16	29	308
2014	서대문구	전문 과학 및 기술 서비스업	451	80	4,890	2,481	2,409	255	911	139	2,308	50	1,643	7	28	404	2,513	23	1,547	24	830
2014	서대문구	사업시설관리 및 사업지원 서비스업	339	82	6,148	3,460	2,688	135	445	188	5,560	9	54	7	89	295	3,280	20	2,073	24	795
2014	서대문구	공공행정 국방 및 사회보장 행정	42	1	3,806	2,722	1,084	-	-	-	-	42	3,806	-	-	41	3,735	-	-	1	71
2014	서대문구	교육 서비스업	1,008	567	15,677	7,256	8,421	740	1,927	97	1,203	141	12,309	30	238	861	4,608	21	2,267	126	8,802
2014	서대문구	보건업 및 사회복지 서비스업	721	285	13,207	3,409	9,798	555	3,244	4	70	91	8,982	71	911	656	4,931	11	469	54	7,807
2014	서대문구	예술 스포츠 및 여가관련 서비스업	533	194	1,627	892	735	485	1,081	22	253	17	217	9	76	509	1,238	5	158	19	231
2014	서대문구	협회 및 단체 수리 및 기타 개인서비스업	2,199	1,040	5,332	2,381	2,951	1,631	3,188	29	223	117	598	422	1,323	2,148	4,883	12	207	39	242
2014	마포구	합계	35,070	11,431	227,966	126,304	101,662	24,697	64,471	8,568	134,609	944	24,008	861	4,878	32,564	151,755	843	49,085	1,663	27,126
2014	마포구	광업	2	-	10	3	7	-	-	2	10	-	-	-	-	2	10	-	-	-	-
2014	마포구	제조업	1,395	335	5,698	3,049	2,649	1,114	3,251	278	2,431	3	16	-	-	1,350	4,891	27	720	18	87
2014	마포구	전기 가스 증기 및 수도사업	5	-	467	411	56	-	-	1	200	4	267	-	-	-	-	-	-	5	467
2014	마포구	하수폐기물처리 원료재생 및 환경복원업	27	5	319	287	32	4	5	12	213	11	101	-	-	25	311	2	8	-	-
2014	마포구	건설업	1,050	156	10,771	8,973	1,798	462	1,109	586	9,563	2	99	-	-	992	7,776	38	2,527	20	468
2014	마포구	도매 및 소매업	7,790	2,647	32,071	17,982	14,089	5,377	11,860	2,376	19,974	32	223	5	14	7,089	20,791	221	6,002	480	5,278
2014	마포구	운수업	3,191	208	12,020	9,237	2,783	2,481	2,706	680	8,621	26	675	4	18	3,053	8,179	79	2,535	59	1,306
2014	마포구	숙박 및 음식점업	7,232	3,579	26,177	11,650	14,527	6,735	21,033	478	5,065	12	58	7	21	6,909	22,555	44	457	279	3,165
2014	마포구	출판 영상 방송통신 및 정보서비스업	2,437	410	34,327	22,179	12,148	974	3,111	1,416	29,976	41	934	6	306	2,298	21,918	73	10,051	66	2,358
2014	마포구	금융 및 보험업	495	82	12,351	5,704	6,647	47	176	377	9,331	71	2,844	-	-	194	1,699	44	4,399	257	6,253
2014	마포구	부동산업 및 임대업	1,685	560	6,366	4,049	2,317	1,173	1,949	324	2,877	32	407	156	1,133	1,569	4,985	36	619	80	762
2014	마포구	전문 과학 및 기술 서비스업	2,320	450	19,810	12,181	7,629	1,197	3,552	962	14,513	146	1,692	15	53	2,091	10,555	120	7,690	109	1,565
2014	마포구	사업시설관리 및 사업지원 서비스업	1,009	285	27,777	13,512	14,265	296	1,021	677	26,359	15	274	21	123	891	18,475	58	7,937	60	1,365
2014	마포구	공공행정 국방 및 사회보장 행정	62	6	4,278	2,770	1,508	-	-	-	-	62	4,278	-	-	56	4,073	-	-	6	205
2014	마포구	교육 서비스업	1,505	742	14,402	6,111	8,291	1,122	3,360	208	2,694	122	7,883	53	465	1,373	8,076	31	4,518	101	1,808
2014	마포구	보건업 및 사회복지 서비스업	1,066	405	7,932	1,521	6,411	881	5,124	11	140	79	1,458	95	1,210	1,008	6,816	20	574	38	542
2014	마포구	예술 스포츠 및 여가관련 서비스업	877	309	3,658	2,135	1,523	737	1,786	94	757	27	1,057	19	58	845	3,051	10	361	22	246
2014	마포구	협회 및 단체 수리 및 기타 개인서비스업	2,922	1,252	9,532	4,550	4,982	2,097	4,428	86	1,885	259	1,742	480	1,477	2,819	7,594	40	687	63	1,251
2014	양천구	합계	26,189	9,340	114,617	61,594	53,023	22,051	51,856	2,786	39,668	439	18,165	913	4,928	24,968	89,198	253	8,102	968	17,317
2014	양천구	광업	1	-	2	2	-	-	-	1	2	-	-	-	-	1	2	-	-	-	-
2014	양천구	제조업	1,190	290	5,419	2,659	2,760	1,034	3,669	156	1,750	-	-	-	-	1,164	5,104	15	251	11	64
2014	양천구	전기 가스 증기 및 수도사업	4	-	415	329	86	-	-	1	8	3	407	-	-	2	177	-	-	2	238
2014	양천구	하수폐기물처리 원료재생 및 환경복원업	24	3	305	267	38	4	6	17	288	3	11	-	-	20	232	2	12	2	61
2014	양천구	건설업	832	117	7,050	6,097	953	540	1,472	292	5,578	-	-	-	-	810	6,169	13	782	9	99
2014	양천구	도매 및 소매업	5,636	2,265	17,616	9,224	8,392	4,647	10,252	963	7,166	23	193	3	5	5,245	13,197	67	1,086	324	3,333
2014	양천구	운수업	5,122	279	13,161	12,204	957	4,879	5,334	224	6,933	17	892	2	2	5,073	10,791	19	1,192	30	1,178
2014	양천구	숙박 및 음식점업	3,608	2,170	11,979	4,494	7,485	3,461	9,648	145	2,322	2	9	-	-	3,479	9,910	4	20	125	2,049
2014	양천구	출판 영상 방송통신 및 정보서비스업	297	60	4,913	3,461	1,452	122	365	166	3,955	9	593	-	-	268	2,126	16	2,217	13	570
2014	양천구	금융 및 보험업	197	31	2,639	1,011	1,628	18	28	140	2,195	39	416	-	-	44	221	10	100	143	2,318
2014	양천구	부동산업 및 임대업	1,245	490	3,860	2,479	1,381	937	1,548	140	1,065	5	25	163	1,222	1,189	3,136	11	81	45	643
2014	양천구	전문 과학 및 기술 서비스업	672	90	3,259	1,999	1,260	470	1,414	149	1,300	48	513	5	32	607	2,411	26	336	39	512
2014	양천구	사업시설관리 및 사업지원 서비스업	241	75	4,008	2,631	1,377	117	449	107	3,193	7	273	10	93	215	2,892	13	612	13	504
2014	양천구	공공행정 국방 및 사회보장 행정	47	3	4,664	3,259	1,405	-	-	-	-	47	4,664	-	-	45	4,399	1	233	1	32
2014	양천구	교육 서비스업	2,245	1,188	14,467	4,857	9,610	1,917	5,037	200	2,918	92	6,213	36	299	2,111	11,262	25	510	109	2,695
2014	양천구	보건업 및 사회복지 서비스업	1,142	503	11,396	2,239	9,157	975	6,693	11	184	58	3,033	98	1,486	1,089	8,636	8	337	45	2,423
2014	양천구	예술 스포츠 및 여가관련 서비스업	821	346	2,621	1,423	1,198	745	1,765	22	208	15	345	39	303	807	2,333	4	77	10	211
2014	양천구	협회 및 단체 수리 및 기타 개인서비스업	2,865	1,430	6,843	2,959	3,884	2,185	4,176	52	603	71	578	557	1,486	2,799	6,200	19	256	47	387
2014	강서구	합계	32,789	11,165	185,361	102,217	83,144	25,874	60,711	5,144	100,188	609	18,668	1,162	5,794	30,813	117,380	519	39,884	1,457	28,097
2014	강서구	광업	1	-	6	6	-	-	-	1	6	-	-	-	-	1	6	-	-	-	-
2014	강서구	제조업	1,208	294	6,553	3,708	2,845	921	3,103	282	3,393	2	39	3	18	1,163	5,529	28	715	17	309
2014	강서구	전기 가스 증기 및 수도사업	4	1	379	323	56	1	1	1	301	2	77	-	-	1	1	1	301	2	77
2014	강서구	하수폐기물처리 원료재생 및 환경복원업	45	5	665	565	100	5	23	33	625	7	17	-	-	37	554	2	15	6	96
2014	강서구	건설업	1,001	127	11,382	9,608	1,774	462	1,152	537	10,134	1	85	1	11	937	8,713	36	2,175	28	494
2014	강서구	도매 및 소매업	7,892	2,987	30,094	17,158	12,936	5,952	13,623	1,910	16,171	26	284	4	16	7,322	22,419	141	2,355	429	5,320
2014	강서구	운수업	6,846	330	47,167	30,596	16,571	6,149	6,764	635	38,908	61	1,494	1	1	6,609	16,125	97	26,515	140	4,527
2014	강서구	숙박 및 음식점업	4,890	2,842	16,827	6,294	10,533	4,655	13,273	224	3,499	8	44	3	11	4,699	13,965	12	127	179	2,735
2014	강서구	출판 영상 방송통신 및 정보서비스업	479	65	5,939	4,163	1,776	143	412	325	5,227	9	283	2	17	439	4,272	18	641	22	1,026
2014	강서구	금융 및 보험업	296	37	4,114	1,783	2,331	33	95	210	3,240	53	779	-	-	100	628	9	293	187	3,193
2014	강서구	부동산업 및 임대업	1,610	595	5,527	3,587	1,940	1,114	1,882	222	1,785	14	236	260	1,624	1,517	4,658	18	240	75	629
2014	강서구	전문 과학 및 기술 서비스업	701	89	5,296	3,668	1,628	356	931	304	3,583	37	775	4	7	557	2,584	63	1,186	81	1,526
2014	강서구	사업시설관리 및 사업지원 서비스업	387	101	10,886	5,842	5,044	145	492	223	9,859	10	416	9	119	296	4,783	38	3,426	53	2,677
2014	강서구	공공행정 국방 및 사회보장 행정	58	5	3,286	2,305	981	-	-	-	-	58	3,286	-	-	56	3,148	1	70	1	68
2014	강서구	교육 서비스업	1,568	911	12,020	3,969	8,051	1,326	3,834	97	1,302	115	6,593	30	291	1,461	8,682	18	701	89	2,637
2014	강서구	보건업 및 사회복지 서비스업	1,278	595	12,797	2,355	10,442	1,090	8,104	5	280	83	2,909	100	1,504	1,213	10,690	13	557	52	1,550
2014	강서구	예술 스포츠 및 여가관련 서비스업	995	454	2,782	1,468	1,314	891	1,867	27	281	33	390	44	244	966	2,402	4	68	25	312
2014	강서구	협회 및 단체 수리 및 기타 개인서비스업	3,530	1,727	9,641	4,819	4,822	2,631	5,155	108	1,594	90	961	701	1,931	3,439	8,221	20	499	71	921
2014	구로구	합계	36,679	10,447	197,894	115,354	82,540	27,296	62,671	7,967	112,673	592	16,817	824	5,733	34,298	137,233	725	36,461	1,656	24,200
2014	구로구	제조업	3,704	472	20,178	14,442	5,736	2,751	7,239	944	12,850	8	85	1	4	3,531	14,842	99	4,455	74	881
2014	구로구	전기 가스 증기 및 수도사업	6	-	119	95	24	1	18	2	88	3	13	-	-	4	31	1	84	1	4
2014	구로구	하수폐기물처리 원료재생 및 환경복원업	23	3	188	167	21	3	13	14	162	6	13	-	-	20	149	3	39	-	-
2014	구로구	건설업	961	101	7,487	6,123	1,364	488	1,094	470	6,387	3	6	-	-	909	5,861	31	1,406	21	220
2014	구로구	도매 및 소매업	11,657	3,248	37,358	23,242	14,116	8,498	17,853	3,127	19,336	23	136	9	33	10,718	29,402	244	3,235	695	4,721
2014	구로구	운수업	4,718	224	9,301	8,546	755	4,552	4,897	127	3,223	32	1,096	7	85	4,666	7,117	15	655	37	1,529
2014	구로구	숙박 및 음식점업	4,549	2,732	14,345	5,173	9,172	4,331	11,707	214	2,617	1	10	3	11	4,366	12,180	8	49	175	2,116
2014	구로구	출판 영상 방송통신 및 정보서비스업	1,928	233	28,077	20,301	7,776	390	1,307	1,519	26,592	17	176	2	2	1,778	21,815	83	5,074	67	1,188
2014	구로구	금융 및 보험업	377	56	7,513	2,792	4,721	68	121	237	6,593	71	798	1	1	140	775	20	1,143	217	5,595
2014	구로구	부동산업 및 임대업	1,245	416	4,754	3,081	1,673	866	1,350	164	1,699	10	49	205	1,656	1,181	3,939	20	417	44	398
2014	구로구	전문 과학 및 기술 서비스업	1,321	153	14,282	10,292	3,990	634	2,035	587	11,133	98	1,101	2	13	1,109	7,774	116	5,275	96	1,233
2014	구로구	사업시설관리 및 사업지원 서비스업	538	136	19,175	7,648	11,527	202	514	312	18,448	8	27	16	186	432	4,489	42	12,812	64	1,874
2014	구로구	공공행정 국방 및 사회보장 행정	40	1	3,755	2,576	1,179	-	-	-	-	40	3,755	-	-	40	3,755	-	-	-	-
2014	구로구	교육 서비스업	1,159	653	9,739	3,510	6,229	889	2,308	120	1,801	103	5,297	47	333	1,079	7,329	12	1,342	68	1,068
2014	구로구	보건업 및 사회복지 서비스업	1,018	447	11,406	2,272	9,134	853	6,399	10	106	60	3,406	95	1,495	985	8,732	9	164	24	2,510
2014	구로구	예술 스포츠 및 여가관련 서비스업	829	374	2,149	1,224	925	769	1,596	32	281	18	209	10	63	815	2,044	2	17	12	88
2014	구로구	협회 및 단체 수리 및 기타 개인서비스업	2,606	1,198	8,068	3,870	4,198	2,001	4,220	88	1,357	91	640	426	1,851	2,525	6,999	20	294	61	775
2014	금천구	합계	29,557	7,935	214,128	136,457	77,671	19,475	53,240	8,968	148,504	450	9,332	664	3,052	27,111	143,784	852	38,482	1,594	31,862
2014	금천구	농업 임업 및 어업	1	-	2	2	-	-	-	1	2	-	-	-	-	1	2	-	-	-	-
2014	금천구	광업	2	-	2	2	-	-	-	2	2	-	-	-	-	2	2	-	-	-	-
2014	금천구	제조업	5,021	842	44,804	28,894	15,910	3,167	13,264	1,841	31,382	11	150	2	8	4,691	33,375	195	9,376	135	2,053
2014	금천구	전기 가스 증기 및 수도사업	4	1	16	13	3	1	5	3	11	-	-	-	-	4	16	-	-	-	-
2014	금천구	하수폐기물처리 원료재생 및 환경복원업	25	1	212	191	21	4	6	14	154	7	52	-	-	22	192	1	17	2	3
2014	금천구	건설업	1,045	124	9,026	7,710	1,316	501	1,401	542	7,618	2	7	-	-	967	7,226	39	1,028	39	772
2014	금천구	도매 및 소매업	8,215	2,384	35,404	21,779	13,625	5,426	12,318	2,772	23,031	14	50	3	5	7,385	25,326	243	5,582	587	4,496
2014	금천구	운수업	2,711	136	8,629	7,581	1,048	2,512	3,363	170	5,078	25	171	4	17	2,630	6,446	25	1,231	56	952
2014	금천구	숙박 및 음식점업	3,378	2,046	10,445	3,597	6,848	3,213	8,592	161	1,843	1	2	3	8	3,241	8,950	5	28	132	1,467
2014	금천구	출판 영상 방송통신 및 정보서비스업	2,178	244	31,322	22,816	8,506	430	1,529	1,737	29,392	10	399	1	2	1,983	21,972	90	6,968	105	2,382
2014	금천구	금융 및 보험업	192	27	2,633	1,234	1,399	25	42	119	1,970	48	621	-	-	77	559	11	457	104	1,617
2014	금천구	부동산업 및 임대업	834	242	2,729	1,825	904	596	1,001	160	1,145	2	3	76	580	780	2,122	18	232	36	375
2014	금천구	전문 과학 및 기술 서비스업	1,673	187	30,884	22,865	8,019	621	2,478	958	27,009	90	1,392	4	5	1,319	12,013	141	5,284	213	13,587
2014	금천구	사업시설관리 및 사업지원 서비스업	464	104	18,264	9,853	8,411	156	841	272	16,846	8	247	28	330	360	8,629	34	7,024	70	2,611
2014	금천구	공공행정 국방 및 사회보장 행정	32	6	1,975	1,259	716	-	-	-	-	32	1,975	-	-	30	1,965	-	-	2	10
2014	금천구	교육 서비스업	624	322	5,203	1,720	3,483	442	1,179	101	1,305	61	2,569	20	150	577	4,182	13	389	34	632
2014	금천구	보건업 및 사회복지 서비스업	638	254	5,396	1,065	4,331	487	3,478	6	73	45	910	100	935	602	4,731	8	301	28	364
2014	금천구	예술 스포츠 및 여가관련 서비스업	531	216	1,397	774	623	479	967	25	239	16	119	11	72	515	1,250	-	-	16	147
2014	금천구	협회 및 단체 수리 및 기타 개인서비스업	1,989	799	5,785	3,277	2,508	1,415	2,776	84	1,404	78	665	412	940	1,925	4,826	29	565	35	394
2014	영등포구	합계	44,099	13,056	343,943	206,193	137,750	31,461	76,072	10,406	218,443	1,172	42,862	1,060	6,566	40,733	193,981	1,127	106,169	2,239	43,793
2014	영등포구	농업 임업 및 어업	1	1	11	2	9	-	-	1	11	-	-	-	-	1	11	-	-	-	-
2014	영등포구	광업	2	-	2	2	-	1	1	1	1	-	-	-	-	2	2	-	-	-	-
2014	영등포구	제조업	4,305	603	15,259	10,784	4,475	3,756	8,986	541	6,179	7	91	1	3	4,187	12,675	69	1,801	49	783
2014	영등포구	전기 가스 증기 및 수도사업	8	-	806	609	197	-	-	3	237	5	569	-	-	3	92	1	231	4	483
2014	영등포구	하수폐기물처리 원료재생 및 환경복원업	22	1	448	414	34	3	4	17	441	1	2	1	1	19	257	3	191	-	-
2014	영등포구	건설업	1,346	179	15,667	13,691	1,976	632	1,483	711	14,181	1	1	2	2	1,266	10,189	53	4,953	27	525
2014	영등포구	도매 및 소매업	11,985	3,597	51,182	31,746	19,436	8,472	17,721	3,461	32,944	45	491	7	26	11,021	32,392	305	11,505	659	7,285
2014	영등포구	운수업	4,219	195	11,820	9,702	2,118	3,822	4,366	339	6,749	44	600	14	105	4,075	7,592	70	3,074	74	1,154
2014	영등포구	숙박 및 음식점업	6,975	4,088	25,941	9,373	16,568	6,479	19,285	479	6,515	14	132	3	9	6,580	20,564	22	303	373	5,074
2014	영등포구	출판 영상 방송통신 및 정보서비스업	1,922	308	33,793	25,200	8,593	560	1,673	1,320	28,420	34	3,677	8	23	1,813	19,103	60	13,365	49	1,325
2014	영등포구	금융 및 보험업	1,147	175	48,764	30,607	18,157	112	230	906	40,893	128	7,633	1	8	690	8,319	105	31,642	352	8,803
2014	영등포구	부동산업 및 임대업	1,869	498	12,330	8,719	3,611	1,125	2,076	459	7,562	28	242	257	2,450	1,727	7,162	44	3,741	98	1,427
2014	영등포구	전문 과학 및 기술 서비스업	2,360	334	31,215	21,582	9,633	943	2,816	1,160	21,806	241	6,506	16	87	1,949	13,775	203	14,012	208	3,428
2014	영등포구	사업시설관리 및 사업지원 서비스업	1,063	277	48,563	21,872	26,691	371	989	652	46,982	14	488	26	104	878	24,046	77	17,349	108	7,168
2014	영등포구	공공행정 국방 및 사회보장 행정	63	2	8,444	5,484	2,960	-	-	-	-	63	8,444	-	-	59	8,401	-	-	4	43
2014	영등포구	교육 서비스업	1,277	651	9,181	3,232	5,949	945	2,796	150	1,591	127	4,319	55	475	1,187	7,435	20	671	70	1,075
2014	영등포구	보건업 및 사회복지 서비스업	1,097	418	13,203	3,278	9,925	906	6,793	4	49	75	5,396	112	965	1,042	9,031	15	825	40	3,347
2014	영등포구	예술 스포츠 및 여가관련 서비스업	1,049	440	4,068	2,130	1,938	916	1,915	74	894	31	1,131	28	128	1,014	3,213	8	82	27	773
2014	영등포구	협회 및 단체 수리 및 기타 개인서비스업	3,389	1,289	13,246	7,766	5,480	2,418	4,938	128	2,988	314	3,140	529	2,180	3,220	9,722	72	2,424	97	1,100
2014	동작구	합계	20,160	7,813	105,146	55,170	49,976	16,957	40,373	1,931	40,182	493	20,194	779	4,397	19,107	70,944	212	18,810	841	15,392
2014	동작구	광업	1	-	564	400	164	-	-	-	-	1	564	-	-	-	-	1	564	-	-
2014	동작구	제조업	641	173	2,394	1,189	1,205	549	1,522	88	791	4	81	-	-	627	2,165	4	71	10	158
2014	동작구	전기 가스 증기 및 수도사업	6	-	324	265	59	-	-	2	57	4	267	-	-	3	176	-	-	3	148
2014	동작구	하수폐기물처리 원료재생 및 환경복원업	17	4	247	208	39	1	5	15	232	1	10	-	-	16	217	1	30	-	-
2014	동작구	건설업	539	51	5,008	4,552	456	347	645	192	4,363	-	-	-	-	519	3,403	12	1,546	8	59
2014	동작구	도매 및 소매업	5,155	2,088	16,898	9,099	7,799	4,468	10,325	666	6,416	20	152	1	5	4,848	13,206	67	1,659	240	2,033
2014	동작구	운수업	2,263	92	3,027	2,853	174	2,213	2,418	32	401	17	207	1	1	2,238	2,789	1	6	24	232
2014	동작구	숙박 및 음식점업	4,017	2,329	12,207	4,883	7,324	3,877	10,751	125	1,279	7	150	8	27	3,911	11,080	5	49	101	1,078
2014	동작구	출판 영상 방송통신 및 정보서비스업	266	43	4,969	3,018	1,951	99	247	155	4,441	10	275	2	6	243	2,585	8	1,211	15	1,173
2014	동작구	금융 및 보험업	216	32	3,807	1,814	1,993	23	53	143	3,104	50	650	-	-	56	314	13	883	147	2,610
2014	동작구	부동산업 및 임대업	1,099	380	4,585	2,382	2,203	844	1,341	100	1,924	14	74	141	1,246	1,059	4,101	8	61	32	423
2014	동작구	전문 과학 및 기술 서비스업	418	64	7,583	5,130	2,453	243	675	142	6,635	31	268	2	5	362	1,817	30	5,260	26	506
2014	동작구	사업시설관리 및 사업지원 서비스업	267	65	8,990	4,723	4,267	136	617	122	8,250	7	82	2	41	226	5,162	17	2,564	24	1,264
2014	동작구	공공행정 국방 및 사회보장 행정	35	1	3,072	2,044	1,028	-	-	-	-	35	3,072	-	-	35	3,072	-	-	-	-
2014	동작구	교육 서비스업	1,186	663	12,770	5,870	6,900	932	2,672	111	1,754	109	8,163	34	181	1,060	6,191	16	4,233	110	2,346
2014	동작구	보건업 및 사회복지 서비스업	913	396	10,411	2,536	7,875	750	4,243	2	17	70	4,682	91	1,469	855	7,650	12	358	46	2,403
2014	동작구	예술 스포츠 및 여가관련 서비스업	730	306	2,578	1,461	1,117	674	1,699	17	104	22	716	17	59	711	2,088	2	27	17	463
2014	동작구	협회 및 단체 수리 및 기타 개인서비스업	2,391	1,126	5,712	2,743	2,969	1,801	3,160	19	414	91	781	480	1,357	2,338	4,928	15	288	38	496
2014	관악구	합계	26,396	9,778	112,223	58,178	54,045	22,764	54,586	2,066	33,705	542	18,583	1,024	5,349	25,309	82,981	204	14,467	883	14,775
2014	관악구	광업	1	-	5	5	-	-	-	1	5	-	-	-	-	1	5	-	-	-	-
2014	관악구	제조업	1,320	377	6,140	2,700	3,440	1,190	4,293	126	1,461	2	3	2	383	1,295	5,626	15	418	10	96
2014	관악구	하수폐기물처리 원료재생 및 환경복원업	13	2	190	171	19	2	30	11	160	-	-	-	-	13	190	-	-	-	-
2014	관악구	건설업	718	73	7,110	6,217	893	462	942	255	6,166	-	-	1	2	689	5,052	14	730	15	1,328
2014	관악구	도매 및 소매업	5,645	2,465	16,435	8,306	8,129	4,936	11,219	671	4,754	30	441	8	21	5,257	12,849	48	952	340	2,634
2014	관악구	운수업	4,012	148	6,214	5,943	271	3,951	4,197	46	1,855	12	150	3	12	3,989	5,506	8	585	15	123
2014	관악구	숙박 및 음식점업	5,459	3,106	16,890	6,770	10,120	5,310	14,465	133	1,955	15	466	1	4	5,343	14,733	6	311	110	1,846
2014	관악구	출판 영상 방송통신 및 정보서비스업	294	42	3,026	2,077	949	128	388	147	2,270	17	357	2	11	271	2,165	6	151	17	710
2014	관악구	금융 및 보험업	196	27	2,216	880	1,336	27	40	115	1,602	54	574	-	-	73	357	10	194	113	1,665
2014	관악구	부동산업 및 임대업	1,266	391	3,434	2,232	1,202	1,048	1,873	112	802	11	71	95	688	1,223	3,049	11	117	32	268
2014	관악구	전문 과학 및 기술 서비스업	620	75	5,114	3,231	1,883	341	974	163	3,143	77	848	39	149	559	2,546	22	1,266	39	1,302
2014	관악구	사업시설관리 및 사업지원 서비스업	296	78	7,927	3,976	3,951	150	505	125	7,073	9	268	12	81	261	3,421	13	2,517	22	1,989
2014	관악구	공공행정 국방 및 사회보장 행정	49	4	3,155	2,304	851	-	-	-	-	49	3,155	-	-	49	3,155	-	-	-	-
2014	관악구	교육 서비스업	1,252	688	14,117	6,201	7,916	996	2,599	86	1,128	106	10,010	64	380	1,174	6,751	19	5,784	59	1,582
2014	관악구	보건업 및 사회복지 서비스업	1,104	445	9,401	1,657	7,744	916	6,425	5	90	49	1,202	134	1,684	1,069	8,452	8	444	27	505
2014	관악구	예술 스포츠 및 여가관련 서비스업	992	425	2,836	1,615	1,221	916	2,135	30	156	23	415	23	130	959	2,472	8	59	25	305
2014	관악구	협회 및 단체 수리 및 기타 개인서비스업	3,159	1,432	8,013	3,893	4,120	2,391	4,501	40	1,085	88	623	640	1,804	3,084	6,652	16	939	59	422
2014	서초구	합계	45,932	14,219	390,662	237,365	153,297	28,272	82,231	14,835	254,736	1,870	47,525	955	6,170	41,327	229,451	1,706	99,947	2,899	61,264
2014	서초구	농업 임업 및 어업	1	-	5	3	2	-	-	1	5	-	-	-	-	-	-	1	5	-	-
2014	서초구	광업	2	-	4	3	1	-	-	2	4	-	-	-	-	1	1	1	3	-	-
2014	서초구	제조업	1,158	323	6,737	3,891	2,846	686	1,675	469	5,019	2	42	1	1	1,052	4,005	64	2,474	42	258
2014	서초구	전기 가스 증기 및 수도사업	16	1	238	210	28	-	-	10	35	5	198	1	5	12	42	1	3	3	193
2014	서초구	하수폐기물처리 원료재생 및 환경복원업	15	2	174	153	21	1	8	12	161	2	5	-	-	13	167	-	-	2	7
2014	서초구	건설업	1,965	265	48,265	41,952	6,313	562	1,411	1,403	46,854	-	-	-	-	1,762	20,842	130	22,606	73	4,817
2014	서초구	도매 및 소매업	12,737	4,256	67,364	40,814	26,550	7,979	17,020	4,690	49,948	63	381	5	15	11,371	36,536	509	15,752	857	15,076
2014	서초구	운수업	1,482	146	8,868	7,469	1,399	1,117	1,407	352	6,460	10	955	3	46	1,361	4,664	58	2,149	63	2,055
2014	서초구	숙박 및 음식점업	6,691	3,476	32,058	13,256	18,802	5,973	22,016	708	9,976	8	58	2	8	6,157	25,320	48	1,215	486	5,523
2014	서초구	출판 영상 방송통신 및 정보서비스업	2,318	341	30,477	22,140	8,337	517	1,580	1,759	27,157	39	1,724	3	16	2,164	22,677	77	5,777	77	2,023
2014	서초구	금융 및 보험업	861	131	16,039	8,599	7,440	66	163	710	12,298	83	3,564	2	14	391	2,498	34	4,360	436	9,181
2014	서초구	부동산업 및 임대업	2,771	683	14,159	9,637	4,522	1,584	3,531	893	7,325	35	407	259	2,896	2,616	11,221	64	2,083	91	855
2014	서초구	전문 과학 및 기술 서비스업	6,154	764	65,025	43,533	21,492	3,099	10,408	2,180	42,383	857	12,062	18	172	5,336	31,689	456	24,011	362	9,325
2014	서초구	사업시설관리 및 사업지원 서비스업	1,236	310	37,034	17,628	19,406	364	985	828	35,518	19	319	25	212	1,060	21,582	95	13,470	81	1,982
2014	서초구	공공행정 국방 및 사회보장 행정	58	5	9,836	6,398	3,438	-	-	-	-	58	9,836	-	-	55	9,047	1	584	2	205
2014	서초구	교육 서비스업	2,338	1,105	18,415	7,436	10,979	1,645	4,408	487	7,138	159	6,632	47	237	2,130	12,798	60	2,768	148	2,849
2014	서초구	보건업 및 사회복지 서비스업	1,534	529	17,191	4,158	13,033	1,352	9,901	11	33	104	6,650	67	607	1,464	11,248	17	950	53	4,993
2014	서초구	예술 스포츠 및 여가관련 서비스업	1,193	456	5,390	2,861	2,529	989	2,300	133	1,157	43	1,791	28	142	1,159	4,722	12	289	22	379
2014	서초구	협회 및 단체 수리 및 기타 개인서비스업	3,402	1,426	13,383	7,224	6,159	2,338	5,418	187	3,265	383	2,901	494	1,799	3,223	10,392	78	1,448	101	1,543
2014	강남구	합계	70,262	21,764	645,060	369,305	275,755	40,929	141,075	26,364	438,902	1,876	57,398	1,093	7,685	62,452	383,221	3,064	175,508	4,746	86,331
2014	강남구	농업 임업 및 어업	4	2	19	15	4	-	-	2	11	2	8	-	-	3	14	1	5	-	-
2014	강남구	광업	2	-	6	5	1	-	-	2	6	-	-	-	-	1	4	1	2	-	-
2014	강남구	제조업	1,772	533	14,058	6,983	7,075	1,056	2,964	710	11,011	6	83	-	-	1,577	6,556	132	6,720	63	782
2014	강남구	전기 가스 증기 및 수도사업	23	1	1,511	1,222	289	2	14	16	1,135	5	362	-	-	13	171	4	1,046	6	294
2014	강남구	하수폐기물처리 원료재생 및 환경복원업	28	3	970	849	121	2	6	25	963	1	1	-	-	19	702	8	267	1	1
2014	강남구	건설업	2,209	330	40,873	34,913	5,960	570	1,406	1,635	39,426	4	41	-	-	1,985	26,173	147	11,784	77	2,916
2014	강남구	도매 및 소매업	17,341	6,040	130,195	72,969	57,226	9,176	23,371	8,097	106,463	62	348	6	13	14,651	63,704	1,131	45,125	1,559	21,366
2014	강남구	운수업	3,112	177	10,346	8,366	1,980	2,693	3,471	337	5,594	75	1,212	7	69	2,942	6,860	89	2,288	81	1,198
2014	강남구	숙박 및 음식점업	10,987	5,402	59,585	26,281	33,304	9,481	38,047	1,490	21,391	10	105	6	42	9,932	43,320	136	4,715	919	11,550
2014	강남구	출판 영상 방송통신 및 정보서비스업	4,471	640	60,279	41,734	18,545	877	2,619	3,552	55,885	38	1,734	4	41	4,194	45,075	170	12,020	107	3,184
2014	강남구	금융 및 보험업	1,647	203	34,661	20,140	14,521	139	271	1,378	30,526	116	3,652	14	212	817	6,211	95	10,897	735	17,553
2014	강남구	부동산업 및 임대업	4,853	1,231	28,269	18,541	9,728	2,760	6,970	1,757	16,077	25	1,649	311	3,573	4,546	20,918	133	3,882	174	3,469
2014	강남구	전문 과학 및 기술 서비스업	8,909	1,513	108,103	70,496	37,607	3,590	12,969	4,584	77,847	706	17,113	29	174	7,867	59,848	634	39,948	408	8,307
2014	강남구	사업시설관리 및 사업지원 서비스업	1,801	467	54,262	28,385	25,877	475	1,569	1,279	52,080	24	467	23	146	1,531	29,028	143	22,298	127	2,936
2014	강남구	공공행정 국방 및 사회보장 행정	56	4	5,801	3,620	2,181	-	-	-	-	56	5,801	-	-	54	5,591	1	105	1	105
2014	강남구	교육 서비스업	3,584	1,555	27,451	11,228	16,223	2,447	8,023	920	11,594	167	7,395	50	439	3,206	18,905	106	2,814	272	5,732
2014	강남구	보건업 및 사회복지 서비스업	2,806	726	36,797	8,812	27,985	2,581	23,172	36	388	113	12,326	76	911	2,719	25,062	26	7,238	61	4,497
2014	강남구	예술 스포츠 및 여가관련 서비스업	1,676	589	8,042	4,538	3,504	1,343	3,569	264	3,210	53	1,217	16	46	1,590	5,664	24	1,505	62	873
2014	강남구	협회 및 단체 수리 및 기타 개인서비스업	4,981	2,348	23,832	10,208	13,624	3,737	12,634	280	5,295	413	3,884	551	2,019	4,805	19,415	83	2,849	93	1,568
2014	송파구	합계	44,301	14,844	263,841	156,775	107,066	32,199	78,136	9,904	144,718	889	34,163	1,309	6,824	41,394	174,349	874	48,169	2,033	41,323
2014	송파구	농업 임업 및 어업	3	-	159	128	31	-	-	1	5	2	154	-	-	2	10	1	149	-	-
2014	송파구	광업	2	-	4	2	2	1	3	1	1	-	-	-	-	2	4	-	-	-	-
2014	송파구	제조업	1,467	338	9,408	5,503	3,905	1,069	2,740	393	6,647	4	18	1	3	1,382	5,854	61	3,295	24	259
2014	송파구	전기 가스 증기 및 수도사업	9	-	58	55	3	-	-	6	20	3	38	-	-	8	53	1	5	-	-
2014	송파구	하수폐기물처리 원료재생 및 환경복원업	30	5	387	318	69	-	-	23	367	7	20	-	-	26	338	2	39	2	10
2014	송파구	건설업	1,801	252	25,233	21,821	3,412	721	1,729	1,079	23,502	1	2	-	-	1,689	20,649	70	4,035	42	549
2014	송파구	도매 및 소매업	13,652	4,703	53,230	32,008	21,222	8,685	19,567	4,918	33,228	40	370	9	65	12,573	36,827	362	8,245	717	8,158
2014	송파구	운수업	5,535	248	12,337	11,477	860	5,361	5,730	138	6,080	31	501	5	26	5,483	10,505	14	1,170	38	662
2014	송파구	숙박 및 음식점업	6,391	3,623	24,036	9,735	14,301	5,969	18,049	408	5,772	8	192	6	23	6,082	18,880	22	411	287	4,745
2014	송파구	출판 영상 방송통신 및 정보서비스업	756	117	16,258	12,153	4,105	212	497	513	14,676	28	1,079	3	6	705	5,687	30	9,304	21	1,267
2014	송파구	금융 및 보험업	489	72	8,631	4,290	4,341	37	70	375	5,590	76	2,970	1	1	141	920	12	1,992	336	5,719
2014	송파구	부동산업 및 임대업	2,290	745	11,903	7,754	4,149	1,646	2,963	413	6,316	19	513	212	2,111	2,175	7,180	51	4,029	64	694
2014	송파구	전문 과학 및 기술 서비스업	1,865	247	20,493	14,787	5,706	876	2,724	858	16,670	128	1,088	3	11	1,593	10,900	122	6,825	150	2,768
2014	송파구	사업시설관리 및 사업지원 서비스업	598	150	20,246	12,718	7,528	203	1,267	378	18,679	10	257	7	43	504	12,494	35	6,158	59	1,594
2014	송파구	공공행정 국방 및 사회보장 행정	70	5	5,721	4,106	1,615	-	-	-	-	70	5,721	-	-	69	5,549	1	172	-	-
2014	송파구	교육 서비스업	2,140	1,157	17,033	5,807	11,226	1,760	5,323	201	2,682	127	8,467	52	561	1,995	12,708	31	1,053	114	3,272
2014	송파구	보건업 및 사회복지 서비스업	1,574	692	20,401	4,678	15,723	1,368	8,537	13	130	69	10,321	124	1,413	1,524	11,382	10	309	40	8,710
2014	송파구	예술 스포츠 및 여가관련 서비스업	1,387	594	6,782	3,745	3,037	1,229	2,676	62	2,793	57	1,157	39	156	1,345	4,435	17	390	25	1,957
2014	송파구	협회 및 단체 수리 및 기타 개인서비스업	4,242	1,896	11,521	5,690	5,831	3,062	6,261	124	1,560	209	1,295	847	2,405	4,096	9,974	32	588	114	959
2014	강동구	합계	30,481	10,812	139,346	75,759	63,587	25,982	60,601	3,182	57,007	473	17,720	844	4,018	29,044	95,194	289	22,301	1,148	21,851
2014	강동구	농업 임업 및 어업	1	-	11	3	8	-	-	1	11	-	-	-	-	1	11	-	-	-	-
2014	강동구	광업	3	-	17	15	2	-	-	3	17	-	-	-	-	3	17	-	-	-	-
2014	강동구	제조업	1,618	399	6,485	3,444	3,041	1,429	4,329	184	2,092	5	64	-	-	1,572	5,542	30	605	16	338
2014	강동구	전기 가스 증기 및 수도사업	4	-	302	253	49	-	-	1	17	3	285	-	-	2	202	-	-	2	100
2014	강동구	하수폐기물처리 원료재생 및 환경복원업	19	2	274	224	50	4	18	12	248	3	8	-	-	18	221	1	53	-	-
2014	강동구	건설업	1,044	137	16,617	14,285	2,332	622	1,553	420	15,049	2	15	-	-	1,001	6,904	23	9,519	20	194
2014	강동구	도매 및 소매업	7,304	3,073	25,348	13,372	11,976	6,043	13,661	1,231	11,554	24	112	6	21	6,832	18,591	92	2,811	380	3,946
2014	강동구	운수업	5,780	233	9,855	9,306	549	5,692	6,050	60	3,308	26	490	2	7	5,739	8,820	4	480	37	555
2014	강동구	숙박 및 음식점업	4,875	2,825	15,408	5,946	9,462	4,704	13,302	164	2,071	3	18	4	17	4,736	13,505	8	55	131	1,848
2014	강동구	출판 영상 방송통신 및 정보서비스업	240	45	2,642	1,773	869	96	259	136	2,152	8	231	-	-	221	1,419	8	687	11	536
2014	강동구	금융 및 보험업	278	52	4,262	1,396	2,866	40	107	189	3,551	49	604	-	-	67	326	8	259	203	3,677
2014	강동구	부동산업 및 임대업	1,532	532	4,580	3,058	1,522	1,160	1,979	169	1,053	14	49	189	1,499	1,476	4,025	11	76	45	479
2014	강동구	전문 과학 및 기술 서비스업	577	79	5,125	3,653	1,472	332	912	215	4,046	27	162	3	5	493	2,010	33	2,355	51	760
2014	강동구	사업시설관리 및 사업지원 서비스업	385	109	9,551	5,291	4,260	181	730	195	8,396	6	407	3	18	332	5,254	29	3,664	24	633
2014	강동구	공공행정 국방 및 사회보장 행정	38	5	2,588	1,788	800	-	-	-	-	38	2,588	-	-	36	2,578	1	2	1	8
2014	강동구	교육 서비스업	1,501	813	10,690	3,384	7,306	1,287	3,666	105	1,593	89	5,309	20	122	1,408	8,061	16	572	77	2,057
2014	강동구	보건업 및 사회복지 서비스업	1,184	486	14,335	3,410	10,925	1,038	7,360	5	65	82	6,010	59	900	1,115	8,564	9	359	60	5,412
2014	강동구	예술 스포츠 및 여가관련 서비스업	865	402	2,893	1,496	1,397	819	1,944	21	196	23	740	2	13	842	2,277	4	51	19	565
2014	강동구	협회 및 단체 수리 및 기타 개인서비스업	3,233	1,620	8,363	3,662	4,701	2,535	4,731	71	1,588	71	628	556	1,416	3,150	6,867	12	753	71	743