기간	자치구	구분	합계	합계	합계	합계	합계	조직형태별	조직형태별	조직형태별	조직형태별	조직형태별	조직형태별	조직형태별	조직형태별	사업체구분별	사업체구분별	사업체구분별	사업체구분별	사업체구분별	사업체구분별
기간	자치구	구분	합계	합계	합계	합계	합계	개인	개인	회사법인	회사법인	회사이외의 법인	회사이외의 법인	비법인단체	비법인단체	단독	단독	본사본점 등	본사본점 등	공장지사(점)영업소	공장지사(점)영업소
기간	자치구	구분	사업체수	사업체수	종사자수	종사자수	종사자수	사업체수	종사자수	사업체수	종사자수	사업체수	종사자수	사업체수	종사자수	사업체수	종사자수	사업체수	종사자수	사업체수	종사자수
기간	자치구	구분	사업체수	여성대표자	계	남	여	사업체수	종사자수	사업체수	종사자수	사업체수	종사자수	사업체수	종사자수	사업체수	종사자수	사업체수	종사자수	사업체수	종사자수
2015	서울시	합계	820,658	272,567	5,108,828	2,887,719	2,221,109	631,635	1,585,519	150,004	2,731,540	18,791	676,175	20,228	115,594	767,371	3,267,847	15,271	1,053,006	38,016	787,975
2015	서울시	농업 임업 및 어업	17	3	491	401	90	-	-	10	246	7	245	-	-	11	142	4	345	2	4
2015	서울시	광업	23	3	69	57	12	1	1	22	68	-	-	-	-	21	60	2	9	-	-
2015	서울시	제조업	62,211	13,725	287,414	167,339	120,075	52,425	157,655	9,641	127,830	128	1,720	17	209	60,522	232,451	1,022	42,511	667	12,452
2015	서울시	전기 가스 증기 및 수도사업	137	5	8,713	7,084	1,629	5	9	72	3,757	59	4,942	1	5	67	2,514	15	2,732	55	3,467
2015	서울시	하수폐기물처리 원료재생 및 환경복원업	463	59	6,712	5,817	895	66	237	322	6,005	75	470	-	-	406	5,722	25	540	32	450
2015	서울시	건설업	22,695	3,131	360,192	313,276	46,916	11,635	30,701	11,035	328,656	21	781	4	54	21,526	236,300	689	99,857	480	24,035
2015	서울시	도매 및 소매업	234,494	86,082	912,406	513,648	398,758	182,764	390,799	50,925	515,992	707	4,922	98	693	217,863	602,468	4,962	168,228	11,669	141,710
2015	서울시	운수업	93,642	4,425	279,921	235,642	44,279	87,830	98,988	4,920	162,237	802	18,092	90	604	91,595	182,871	730	65,114	1,317	31,936
2015	서울시	숙박 및 음식점업	126,785	69,749	480,090	196,003	284,087	117,991	356,734	8,478	120,410	227	2,594	89	352	120,248	385,398	577	13,690	5,960	81,002
2015	서울시	출판 영상 방송통신 및 정보서비스업	23,903	3,662	350,342	244,087	106,255	7,077	20,693	16,285	310,974	482	18,329	59	346	22,318	227,600	760	92,302	825	30,440
2015	서울시	금융 및 보험업	10,849	1,482	285,098	144,977	140,121	1,323	2,866	8,015	244,757	1,488	37,324	23	151	4,071	38,468	621	117,399	6,157	129,231
2015	서울시	부동산업 및 임대업	38,571	11,977	168,981	112,119	56,862	26,505	51,214	7,672	81,014	476	4,981	3,918	31,772	36,385	123,835	647	27,194	1,539	17,952
2015	서울시	전문 과학 및 기술 서비스업	40,627	6,478	452,004	294,647	157,357	20,147	67,850	16,839	317,246	3,400	65,789	241	1,119	35,574	230,753	2,600	158,105	2,453	63,146
2015	서울시	사업시설관리 및 사업지원 서비스업	13,977	3,667	428,089	212,199	215,890	5,035	18,267	8,404	398,144	270	8,921	268	2,757	11,818	213,155	914	153,788	1,245	61,146
2015	서울시	공공행정 국방 및 사회보장 행정	1,285	108	136,166	89,123	47,043	-	-	-	-	1,284	136,158	1	8	1,250	132,836	8	2,083	27	1,247
2015	서울시	교육 서비스업	33,612	17,709	340,950	131,331	209,619	26,026	77,174	3,896	58,310	2,855	197,585	835	7,881	30,711	199,419	615	59,235	2,286	82,296
2015	서울시	보건업 및 사회복지 서비스업	26,528	10,381	320,189	70,124	250,065	22,669	166,310	174	3,103	1,776	123,275	1,909	27,501	25,184	217,338	257	27,949	1,087	74,902
2015	서울시	예술 스포츠 및 여가관련 서비스업	20,547	8,348	80,512	44,758	35,754	18,077	42,123	1,274	16,528	694	19,107	502	2,754	19,822	62,895	139	3,680	586	13,937
2015	서울시	협회 및 단체 수리 및 기타 개인서비스업	70,292	31,573	210,489	105,087	105,402	52,059	103,898	2,020	36,263	4,040	30,940	12,173	39,388	67,979	173,622	684	18,245	1,629	18,622
2015	종로구	합계	40,871	13,472	269,106	152,766	116,340	32,193	79,656	6,440	135,256	1,332	50,089	906	4,105	38,129	148,291	814	80,419	1,928	40,396
2015	종로구	농업 임업 및 어업	1	1	16	13	3	-	-	1	16	-	-	-	-	-	-	1	16	-	-
2015	종로구	광업	2	1	7	5	2	-	-	2	7	-	-	-	-	1	2	1	5	-	-
2015	종로구	제조업	4,281	1,120	11,734	7,024	4,710	4,021	9,735	250	1,970	8	22	2	7	4,226	10,995	34	588	21	151
2015	종로구	전기 가스 증기 및 수도사업	6	-	387	320	67	-	-	6	387	-	-	-	-	3	12	2	355	1	20
2015	종로구	하수폐기물처리 원료재생 및 환경복원업	9	3	179	166	13	1	3	8	176	-	-	-	-	6	134	-	-	3	45
2015	종로구	건설업	358	36	25,269	21,751	3,518	195	405	163	24,864	-	-	-	-	331	1,927	17	20,967	10	2,375
2015	종로구	도매 및 소매업	17,447	5,872	46,970	27,771	19,199	15,328	28,803	2,062	17,873	49	272	8	22	16,699	36,233	243	5,002	505	5,735
2015	종로구	운수업	1,418	109	7,841	5,960	1,881	993	1,558	397	5,732	25	544	3	7	1,317	3,925	46	3,114	55	802
2015	종로구	숙박 및 음식점업	6,635	3,521	28,451	11,453	16,998	5,997	20,023	611	8,241	21	171	6	16	6,141	21,714	39	428	455	6,309
2015	종로구	출판 영상 방송통신 및 정보서비스업	894	178	17,754	10,812	6,942	387	1,129	441	15,773	45	766	21	86	822	8,157	33	4,720	39	4,877
2015	종로구	금융 및 보험업	602	74	21,335	11,290	10,045	73	121	463	20,124	66	1,090	-	-	243	3,526	43	11,024	316	6,785
2015	종로구	부동산업 및 임대업	1,286	291	7,367	4,992	2,375	833	1,740	329	4,683	44	293	80	651	1,179	4,355	33	1,627	74	1,385
2015	종로구	전문 과학 및 기술 서비스업	1,609	315	23,629	13,964	9,665	817	5,804	575	14,867	173	2,750	44	208	1,390	11,254	111	9,343	108	3,032
2015	종로구	사업시설관리 및 사업지원 서비스업	1,148	320	17,843	7,264	10,579	310	772	791	16,767	24	175	23	129	992	7,641	67	7,046	89	3,156
2015	종로구	공공행정 국방 및 사회보장 행정	91	9	17,172	12,001	5,171	-	-	-	-	91	17,172	-	-	90	17,148	-	-	1	24
2015	종로구	교육 서비스업	876	360	13,646	6,406	7,240	506	1,828	175	2,235	146	9,351	49	232	744	6,630	40	3,543	92	3,473
2015	종로구	보건업 및 사회복지 서비스업	689	222	15,472	4,115	11,357	550	3,218	6	59	89	11,553	44	642	626	4,341	20	10,303	43	828
2015	종로구	예술 스포츠 및 여가관련 서비스업	927	303	5,903	3,117	2,786	669	1,839	127	1,015	100	2,963	31	86	867	4,109	17	979	43	815
2015	종로구	협회 및 단체 수리 및 기타 개인서비스업	2,592	737	8,131	4,342	3,789	1,513	2,678	33	467	451	2,967	595	2,019	2,452	6,188	67	1,359	73	584
2015	중구	합계	66,190	24,249	423,808	234,337	189,471	54,489	124,293	9,887	245,114	1,138	51,002	676	3,399	61,904	228,360	1,275	130,242	3,011	65,206
2015	중구	광업	3	-	7	7	-	-	-	3	7	-	-	-	-	3	7	-	-	-	-
2015	중구	제조업	10,259	2,019	29,501	19,672	9,829	9,421	23,347	818	6,014	19	134	1	6	10,103	27,730	77	1,396	79	375
2015	중구	전기 가스 증기 및 수도사업	7	-	1,048	849	199	-	-	3	261	4	787	-	-	1	159	2	217	4	672
2015	중구	하수폐기물처리 원료재생 및 환경복원업	8	-	159	144	15	-	-	8	159	-	-	-	-	7	157	-	-	1	2
2015	중구	건설업	451	45	7,364	6,223	1,141	254	543	196	6,752	1	69	-	-	415	2,466	20	2,294	16	2,604
2015	중구	도매 및 소매업	34,785	15,789	100,132	49,334	50,798	31,444	60,566	3,291	39,400	44	156	6	10	33,384	71,852	387	15,689	1,014	12,591
2015	중구	운수업	1,666	165	16,214	11,471	4,743	920	2,023	696	13,339	45	815	5	37	1,409	6,376	136	6,941	121	2,897
2015	중구	숙박 및 음식점업	6,142	3,179	32,250	13,254	18,996	5,415	18,448	702	13,298	22	485	3	19	5,575	21,809	53	3,644	514	6,797
2015	중구	출판 영상 방송통신 및 정보서비스업	1,105	200	28,536	20,516	8,020	449	1,143	615	25,954	34	1,380	7	59	986	11,020	60	15,625	59	1,891
2015	중구	금융 및 보험업	1,329	191	67,203	36,253	30,950	255	502	957	58,975	113	7,645	4	81	636	9,691	93	41,599	600	15,913
2015	중구	부동산업 및 임대업	1,750	370	10,133	6,956	3,177	1,033	2,193	587	7,015	37	290	93	635	1,566	6,143	70	2,672	114	1,318
2015	중구	전문 과학 및 기술 서비스업	3,008	536	39,106	24,304	14,802	1,938	5,639	884	30,280	167	3,121	19	66	2,693	14,119	196	21,336	119	3,651
2015	중구	사업시설관리 및 사업지원 서비스업	1,415	326	41,010	20,199	20,811	499	1,368	879	39,261	15	260	22	121	1,190	18,070	95	12,606	130	10,334
2015	중구	공공행정 국방 및 사회보장 행정	65	4	19,394	11,680	7,714	-	-	-	-	65	19,394	-	-	63	18,767	1	476	1	151
2015	중구	교육 서비스업	508	244	9,983	4,227	5,756	276	682	100	2,067	103	7,033	29	201	412	3,619	23	3,973	73	2,391
2015	중구	보건업 및 사회복지 서비스업	697	207	8,718	2,236	6,482	573	3,775	6	78	71	4,396	47	469	645	6,680	13	244	39	1,794
2015	중구	예술 스포츠 및 여가관련 서비스업	584	194	3,980	2,134	1,846	465	1,009	63	1,290	41	1,596	15	85	540	2,713	7	148	37	1,119
2015	중구	협회 및 단체 수리 및 기타 개인서비스업	2,408	780	9,070	4,878	4,192	1,547	3,055	79	964	357	3,441	425	1,610	2,276	6,982	42	1,382	90	706
2015	용산구	합계	21,178	7,030	133,446	76,287	57,159	15,464	37,611	4,659	70,030	602	21,903	453	3,902	19,388	79,559	525	30,510	1,265	23,377
2015	용산구	제조업	1,100	244	3,444	2,029	1,415	974	2,614	121	782	5	48	-	-	1,074	3,161	14	152	12	131
2015	용산구	전기 가스 증기 및 수도사업	3	-	55	16	39	1	1	2	54	-	-	-	-	1	1	1	7	1	47
2015	용산구	하수폐기물처리 원료재생 및 환경복원업	12	2	167	145	22	5	28	5	106	2	33	-	-	11	136	-	-	1	31
2015	용산구	건설업	440	67	7,483	6,476	1,007	230	513	206	6,441	4	529	-	-	402	3,433	19	2,921	19	1,129
2015	용산구	도매 및 소매업	7,714	2,345	30,638	19,738	10,900	5,399	10,460	2,291	19,955	21	218	3	5	7,103	19,599	213	7,067	398	3,972
2015	용산구	운수업	1,292	85	4,458	3,707	751	1,168	1,487	95	1,779	28	1,161	1	31	1,230	2,260	16	738	46	1,460
2015	용산구	숙박 및 음식점업	4,245	2,219	18,235	8,485	9,750	3,779	11,868	455	6,290	7	62	4	15	3,924	14,166	57	1,009	264	3,060
2015	용산구	출판 영상 방송통신 및 정보서비스업	602	101	7,519	4,711	2,808	226	575	355	6,247	19	685	2	12	560	4,389	19	1,219	23	1,911
2015	용산구	금융 및 보험업	312	29	5,781	2,533	3,248	37	97	226	4,966	47	703	2	15	85	551	19	1,451	208	3,779
2015	용산구	부동산업 및 임대업	1,035	339	4,653	3,175	1,478	752	1,279	154	1,853	19	341	110	1,180	982	3,436	15	849	38	368
2015	용산구	전문 과학 및 기술 서비스업	819	160	11,387	7,366	4,021	393	1,027	362	6,990	56	3,348	8	22	724	3,958	53	6,882	42	547
2015	용산구	사업시설관리 및 사업지원 서비스업	355	88	13,396	6,516	6,880	131	901	211	12,298	7	92	6	105	283	5,545	33	4,884	39	2,967
2015	용산구	공공행정 국방 및 사회보장 행정	48	5	4,257	2,798	1,459	-	-	-	-	48	4,257	-	-	47	4,235	-	-	1	22
2015	용산구	교육 서비스업	541	313	8,129	2,704	5,425	358	1,045	70	843	91	5,765	22	476	462	4,664	21	2,432	58	1,033
2015	용산구	보건업 및 사회복지 서비스업	541	213	5,909	1,419	4,490	433	2,512	4	60	58	2,486	46	851	499	3,750	10	210	32	1,949
2015	용산구	예술 스포츠 및 여가관련 서비스업	397	130	2,023	1,162	861	329	714	35	328	20	930	13	51	382	1,649	3	122	12	252
2015	용산구	협회 및 단체 수리 및 기타 개인서비스업	1,722	690	5,912	3,307	2,605	1,249	2,490	67	1,038	170	1,245	236	1,139	1,619	4,626	32	567	71	719
2015	성동구	합계	26,130	7,617	162,019	97,243	64,776	19,454	50,261	5,564	84,607	521	23,577	591	3,574	24,512	106,716	526	27,771	1,092	27,532
2015	성동구	제조업	4,650	834	28,795	18,502	10,293	3,641	13,232	1,001	15,502	7	58	1	3	4,447	21,844	119	3,951	84	3,000
2015	성동구	전기 가스 증기 및 수도사업	10	-	816	671	145	1	2	4	303	5	511	-	-	5	386	1	278	4	152
2015	성동구	하수폐기물처리 원료재생 및 환경복원업	31	7	439	381	58	1	5	18	259	12	175	-	-	27	409	1	11	3	19
2015	성동구	건설업	661	95	6,049	5,129	920	339	851	321	5,195	1	3	-	-	623	5,113	21	498	17	438
2015	성동구	도매 및 소매업	7,090	2,118	31,229	19,152	12,077	4,925	11,060	2,143	19,977	18	184	4	8	6,569	21,002	186	6,915	335	3,312
2015	성동구	운수업	2,641	110	7,832	6,843	989	2,489	3,009	112	3,024	34	1,776	6	23	2,579	5,198	18	955	44	1,679
2015	성동구	숙박 및 음식점업	3,494	1,951	11,232	4,374	6,858	3,322	9,176	166	2,028	3	16	3	12	3,371	9,546	6	406	117	1,280
2015	성동구	출판 영상 방송통신 및 정보서비스업	707	91	8,114	5,934	2,180	162	472	531	7,532	12	106	2	4	660	6,887	23	635	24	592
2015	성동구	금융 및 보험업	289	38	3,662	1,621	2,041	81	138	161	3,075	47	449	-	-	136	446	14	609	139	2,607
2015	성동구	부동산업 및 임대업	1,156	356	5,269	3,768	1,501	764	1,423	220	2,654	14	55	158	1,137	1,089	3,566	19	1,317	48	386
2015	성동구	전문 과학 및 기술 서비스업	1,023	160	9,883	6,460	3,423	480	1,597	470	7,061	65	1,193	8	32	894	6,148	61	2,906	68	829
2015	성동구	사업시설관리 및 사업지원 서비스업	307	74	16,968	8,840	8,128	127	615	165	13,327	9	2,927	6	99	252	5,296	20	8,305	35	3,367
2015	성동구	공공행정 국방 및 사회보장 행정	44	3	4,052	2,853	1,199	-	-	-	-	44	4,052	-	-	44	4,052	-	-	-	-
2015	성동구	교육 서비스업	785	438	11,076	4,828	6,248	582	1,477	65	1,303	97	7,885	41	411	728	5,254	5	348	52	5,474
2015	성동구	보건업 및 사회복지 서비스업	654	288	6,965	1,556	5,409	547	3,414	2	52	34	2,627	71	872	630	4,539	2	24	22	2,402
2015	성동구	예술 스포츠 및 여가관련 서비스업	522	209	2,000	1,189	811	471	1,025	22	237	17	684	12	54	499	1,534	4	29	19	437
2015	성동구	협회 및 단체 수리 및 기타 개인서비스업	2,066	845	7,638	5,142	2,496	1,522	2,765	163	3,078	102	876	279	919	1,959	5,496	26	584	81	1,558
2015	광진구	합계	24,531	8,627	123,689	69,279	54,410	20,108	50,689	3,316	48,537	467	20,970	640	3,493	23,205	87,995	285	14,743	1,041	20,951
2015	광진구	제조업	1,917	482	8,187	4,456	3,731	1,640	5,406	273	2,603	3	175	1	3	1,881	7,116	25	861	11	210
2015	광진구	전기 가스 증기 및 수도사업	2	-	93	80	13	-	-	-	-	2	93	-	-	1	86	-	-	1	7
2015	광진구	하수폐기물처리 원료재생 및 환경복원업	16	1	145	131	14	-	-	12	137	4	8	-	-	15	122	-	-	1	23
2015	광진구	건설업	836	125	10,047	8,995	1,052	469	1,145	367	8,902	-	-	-	-	794	8,840	19	859	23	348
2015	광진구	도매 및 소매업	6,214	2,165	20,209	11,178	9,031	4,998	10,933	1,196	9,179	17	90	3	7	5,755	15,410	97	1,651	362	3,148
2015	광진구	운수업	2,511	98	7,399	6,874	525	2,412	2,696	75	3,961	23	738	1	4	2,455	4,814	12	838	44	1,747
2015	광진구	숙박 및 음식점업	4,555	2,537	16,636	7,026	9,610	4,331	12,948	210	3,608	13	79	1	1	4,389	13,384	7	53	159	3,199
2015	광진구	출판 영상 방송통신 및 정보서비스업	407	69	3,778	2,511	1,267	147	404	248	2,374	12	1,000	-	-	382	2,996	7	341	18	441
2015	광진구	금융 및 보험업	202	34	2,998	1,266	1,732	24	72	137	2,274	40	639	1	13	69	320	11	449	122	2,229
2015	광진구	부동산업 및 임대업	1,187	405	3,946	2,586	1,360	898	1,730	165	1,165	12	73	112	978	1,136	3,382	14	207	37	357
2015	광진구	전문 과학 및 기술 서비스업	813	109	4,828	3,283	1,545	495	1,446	271	2,674	46	703	1	5	727	3,517	36	548	50	763
2015	광진구	사업시설관리 및 사업지원 서비스업	390	98	9,258	5,758	3,500	184	583	198	8,567	5	103	3	5	334	4,571	24	3,724	32	963
2015	광진구	공공행정 국방 및 사회보장 행정	39	4	3,081	2,212	869	-	-	-	-	39	3,081	-	-	38	3,075	-	-	1	6
2015	광진구	교육 서비스업	1,100	582	13,897	5,784	8,113	863	2,400	97	1,122	104	10,019	36	356	1,000	5,906	15	4,807	85	3,184
2015	광진구	보건업 및 사회복지 서비스업	849	331	9,244	2,132	7,112	737	5,114	6	138	37	3,127	69	865	820	6,610	2	28	27	2,606
2015	광진구	예술 스포츠 및 여가관련 서비스업	875	398	3,546	2,040	1,506	823	1,836	21	1,160	23	498	8	52	855	2,061	3	180	17	1,305
2015	광진구	협회 및 단체 수리 및 기타 개인서비스업	2,618	1,189	6,397	2,967	3,430	2,087	3,976	40	673	87	544	404	1,204	2,554	5,785	13	197	51	415
2015	동대문구	합계	32,994	10,813	143,858	77,571	66,287	28,300	65,424	3,441	46,172	555	28,298	698	3,964	31,726	101,468	307	16,603	961	25,787
2015	동대문구	광업	1	-	3	2	1	-	-	1	3	-	-	-	-	1	3	-	-	-	-
2015	동대문구	제조업	3,511	809	13,374	7,264	6,110	3,078	9,284	424	4,018	9	72	-	-	3,445	11,932	45	1,190	21	252
2015	동대문구	전기 가스 증기 및 수도사업	1	-	1	1	-	1	1	-	-	-	-	-	-	1	1	-	-	-	-
2015	동대문구	하수폐기물처리 원료재생 및 환경복원업	17	-	134	104	30	3	10	7	108	7	16	-	-	16	131	-	-	1	3
2015	동대문구	건설업	777	101	6,390	5,513	877	487	1,146	289	5,139	1	105	-	-	760	5,179	12	1,030	5	181
2015	동대문구	도매 및 소매업	11,740	3,786	33,122	19,883	13,239	10,127	20,136	1,582	12,795	28	185	3	6	11,321	27,438	124	1,935	295	3,749
2015	동대문구	운수업	3,600	184	7,362	6,276	1,086	3,503	4,067	69	2,206	23	1,056	5	33	3,564	5,244	5	958	31	1,160
2015	동대문구	숙박 및 음식점업	5,101	3,000	14,308	5,360	8,948	4,933	12,808	161	1,425	5	52	2	23	4,970	13,080	8	114	123	1,114
2015	동대문구	출판 영상 방송통신 및 정보서비스업	280	48	2,247	1,088	1,159	156	359	104	1,506	20	382	-	-	264	1,448	3	103	13	696
2015	동대문구	금융 및 보험업	305	44	4,920	1,558	3,362	40	100	202	4,223	63	597	-	-	78	444	17	300	210	4,176
2015	동대문구	부동산업 및 임대업	1,303	375	4,558	3,046	1,512	1,003	1,892	163	1,609	18	77	119	980	1,255	3,753	14	520	34	285
2015	동대문구	전문 과학 및 기술 서비스업	631	88	7,423	5,162	2,261	398	1,184	163	4,321	55	1,851	15	67	558	2,921	33	3,376	40	1,126
2015	동대문구	사업시설관리 및 사업지원 서비스업	371	103	7,927	4,073	3,854	193	506	162	6,770	11	588	5	63	323	3,340	16	3,625	32	962
2015	동대문구	공공행정 국방 및 사회보장 행정	52	3	3,980	2,698	1,282	-	-	-	-	52	3,980	-	-	52	3,980	-	-	-	-
2015	동대문구	교육 서비스업	945	498	15,933	7,315	8,618	737	2,250	48	1,179	120	12,103	40	401	865	7,041	11	3,118	69	5,774
2015	동대문구	보건업 및 사회복지 서비스업	935	347	13,750	3,761	9,989	832	6,553	4	39	34	6,270	65	888	908	8,175	3	63	24	5,512
2015	동대문구	예술 스포츠 및 여가관련 서비스업	700	292	2,002	1,052	950	656	1,414	18	134	11	369	15	85	686	1,651	4	25	10	326
2015	동대문구	협회 및 단체 수리 및 기타 개인서비스업	2,724	1,135	6,424	3,415	3,009	2,153	3,714	44	697	98	595	429	1,418	2,659	5,707	12	246	53	471
2015	중랑구	합계	27,287	8,952	99,241	51,968	47,273	24,364	56,292	1,770	25,765	380	13,671	773	3,513	26,444	80,609	141	6,387	702	12,245
2015	중랑구	광업	2	1	8	7	1	-	-	2	8	-	-	-	-	2	8	-	-	-	-
2015	중랑구	제조업	3,440	961	14,883	6,356	8,527	3,211	12,695	221	2,090	8	98	-	-	3,406	14,407	15	254	19	222
2015	중랑구	전기 가스 증기 및 수도사업	3	-	105	69	36	-	-	2	27	1	78	-	-	2	27	-	-	1	78
2015	중랑구	하수폐기물처리 원료재생 및 환경복원업	19	2	208	185	23	5	17	10	183	4	8	-	-	18	194	-	-	1	14
2015	중랑구	건설업	906	107	5,146	4,454	692	658	1,684	248	3,462	-	-	-	-	885	4,516	11	551	10	79
2015	중랑구	도매 및 소매업	5,540	2,095	16,872	8,827	8,045	4,880	10,225	642	6,151	15	492	3	4	5,249	12,301	47	1,002	244	3,569
2015	중랑구	운수업	6,225	284	12,937	12,318	619	6,126	6,700	85	5,858	14	379	-	-	6,187	11,235	6	654	32	1,048
2015	중랑구	숙박 및 음식점업	4,010	2,479	10,406	3,872	6,534	3,937	9,458	69	931	3	16	1	1	3,953	9,568	4	28	53	810
2015	중랑구	출판 영상 방송통신 및 정보서비스업	141	25	1,098	704	394	70	206	63	614	8	278	-	-	126	705	2	100	13	293
2015	중랑구	금융 및 보험업	134	20	1,833	677	1,156	19	39	68	1,246	47	548	-	-	36	209	10	158	88	1,466
2015	중랑구	부동산업 및 임대업	999	335	2,785	1,813	972	772	1,285	96	740	12	82	119	678	946	2,270	5	100	48	415
2015	중랑구	전문 과학 및 기술 서비스업	322	57	1,805	1,190	615	231	656	69	971	17	167	5	11	287	947	12	550	23	308
2015	중랑구	사업시설관리 및 사업지원 서비스업	248	61	2,474	1,517	957	137	508	95	1,842	9	95	7	29	220	1,688	8	480	20	306
2015	중랑구	공공행정 국방 및 사회보장 행정	44	2	3,236	2,074	1,162	-	-	-	-	44	3,236	-	-	44	3,236	-	-	-	-
2015	중랑구	교육 서비스업	880	529	7,874	2,258	5,616	740	2,092	49	1,132	66	4,367	25	283	832	5,440	8	869	40	1,565
2015	중랑구	보건업 및 사회복지 서비스업	885	381	9,720	1,886	7,834	772	5,701	3	36	49	3,120	61	863	842	6,773	8	1,625	35	1,322
2015	중랑구	예술 스포츠 및 여가관련 서비스업	770	313	2,200	1,172	1,028	688	1,428	9	56	24	418	49	298	748	1,786	-	-	22	414
2015	중랑구	협회 및 단체 수리 및 기타 개인서비스업	2,719	1,300	5,651	2,589	3,062	2,118	3,598	39	418	59	289	503	1,346	2,661	5,299	5	16	53	336
2015	성북구	합계	24,690	8,883	113,893	57,411	56,482	21,440	51,993	1,845	26,415	640	31,401	765	4,084	23,651	80,528	187	13,848	852	19,517
2015	성북구	제조업	2,519	640	9,617	4,383	5,234	2,381	8,133	136	1,478	2	6	-	-	2,501	9,279	13	316	5	22
2015	성북구	전기 가스 증기 및 수도사업	2	-	6	6	-	-	-	2	6	-	-	-	-	1	1	-	-	1	5
2015	성북구	하수폐기물처리 원료재생 및 환경복원업	16	2	184	165	19	5	9	10	173	1	2	-	-	16	184	-	-	-	-
2015	성북구	건설업	594	65	3,894	3,384	510	414	1,046	179	2,814	1	34	-	-	577	3,482	6	200	11	212
2015	성북구	도매 및 소매업	5,453	2,174	16,944	8,808	8,136	4,788	10,733	649	6,130	14	54	2	27	5,164	13,491	54	1,128	235	2,325
2015	성북구	운수업	3,601	161	6,921	6,552	369	3,543	3,874	46	2,894	11	152	1	1	3,583	6,080	5	717	13	124
2015	성북구	숙박 및 음식점업	4,411	2,504	13,302	5,225	8,077	4,232	11,267	173	1,974	5	56	1	5	4,276	11,644	12	172	123	1,486
2015	성북구	출판 영상 방송통신 및 정보서비스업	253	45	1,923	1,160	763	128	349	107	1,099	17	472	1	3	233	1,410	3	38	17	475
2015	성북구	금융 및 보험업	158	19	1,675	738	937	17	27	87	1,185	54	463	-	-	37	138	11	133	110	1,404
2015	성북구	부동산업 및 임대업	1,081	392	2,981	1,862	1,119	846	1,340	86	551	27	126	122	964	1,047	2,689	6	25	28	267
2015	성북구	전문 과학 및 기술 서비스업	482	84	3,086	1,919	1,167	295	757	143	1,098	36	1,206	8	25	437	1,566	16	1,091	29	429
2015	성북구	사업시설관리 및 사업지원 서비스업	224	62	6,013	3,501	2,512	125	474	88	5,157	8	310	3	72	201	2,811	9	2,562	14	640
2015	성북구	공공행정 국방 및 사회보장 행정	53	4	4,010	2,704	1,306	-	-	-	-	53	4,010	-	-	53	4,010	-	-	-	-
2015	성북구	교육 서비스업	1,302	725	23,211	10,476	12,735	1,027	2,967	78	974	176	19,091	21	179	1,154	8,116	19	7,014	129	8,081
2015	성북구	보건업 및 사회복지 서비스업	1,009	438	11,251	2,257	8,994	815	5,696	6	312	108	4,325	80	918	941	7,782	10	196	58	3,273
2015	성북구	예술 스포츠 및 여가관련 서비스업	684	252	2,088	1,195	893	622	1,439	21	141	28	446	13	62	656	1,713	2	15	26	360
2015	성북구	협회 및 단체 수리 및 기타 개인서비스업	2,848	1,316	6,787	3,076	3,711	2,202	3,882	34	429	99	648	513	1,828	2,774	6,132	21	241	53	414
2015	강북구	합계	18,654	6,738	69,787	33,584	36,203	16,550	38,804	1,125	17,523	326	9,977	653	3,483	17,910	56,206	83	2,198	661	11,383
2015	강북구	제조업	1,564	395	6,105	2,752	3,353	1,494	5,255	68	776	1	42	1	32	1,550	5,824	7	183	7	98
2015	강북구	전기 가스 증기 및 수도사업	2	-	206	169	37	-	-	-	-	2	206	-	-	1	129	-	-	1	77
2015	강북구	하수폐기물처리 원료재생 및 환경복원업	8	1	149	133	16	1	2	7	147	-	-	-	-	8	149	-	-	-	-
2015	강북구	건설업	481	54	2,018	1,729	289	362	674	119	1,344	-	-	-	-	469	1,840	4	88	8	90
2015	강북구	도매 및 소매업	3,976	1,628	10,676	5,441	5,235	3,559	7,673	397	2,946	13	44	7	13	3,755	8,827	25	265	196	1,584
2015	강북구	운수업	3,131	123	6,539	6,249	290	3,080	3,467	28	2,841	14	200	9	31	3,111	5,465	5	668	15	406
2015	강북구	숙박 및 음식점업	3,667	2,144	10,438	4,164	6,274	3,576	9,137	79	1,239	8	49	4	13	3,598	9,344	-	-	69	1,094
2015	강북구	출판 영상 방송통신 및 정보서비스업	98	18	688	395	293	50	142	38	417	10	129	-	-	85	390	5	112	8	186
2015	강북구	금융 및 보험업	236	46	4,218	1,110	3,108	41	164	163	3,707	32	347	-	-	60	309	7	233	169	3,676
2015	강북구	부동산업 및 임대업	759	281	1,831	1,143	688	622	972	64	449	5	13	68	397	731	1,622	4	38	24	171
2015	강북구	전문 과학 및 기술 서비스업	279	39	987	551	436	220	645	38	206	21	136	-	-	251	786	6	38	22	163
2015	강북구	사업시설관리 및 사업지원 서비스업	169	55	3,239	1,368	1,871	101	437	54	2,512	6	51	8	239	143	2,047	5	112	21	1,080
2015	강북구	공공행정 국방 및 사회보장 행정	45	3	2,861	1,932	929	-	-	-	-	44	2,853	1	8	44	2,855	-	-	1	6
2015	강북구	교육 서비스업	662	380	5,694	1,820	3,874	554	1,391	31	494	57	3,687	20	122	617	3,699	6	327	39	1,668
2015	강북구	보건업 및 사회복지 서비스업	740	261	7,280	1,444	5,836	594	4,564	-	-	48	1,309	98	1,407	708	6,810	3	27	29	443
2015	강북구	예술 스포츠 및 여가관련 서비스업	620	284	1,730	914	816	582	1,178	9	46	21	439	8	67	600	1,304	1	6	19	420
2015	강북구	협회 및 단체 수리 및 기타 개인서비스업	2,217	1,026	5,128	2,270	2,858	1,714	3,103	30	399	44	472	429	1,154	2,179	4,806	5	101	33	221
2015	도봉구	합계	18,455	6,142	68,669	36,066	32,603	16,323	35,255	1,126	18,432	279	11,178	727	3,804	17,843	56,716	72	1,900	540	10,053
2015	도봉구	농업 임업 및 어업	1	-	1	1	-	-	-	1	1	-	-	-	-	1	1	-	-	-	-
2015	도봉구	광업	1	1	6	3	3	-	-	1	6	-	-	-	-	1	6	-	-	-	-
2015	도봉구	제조업	1,071	272	4,263	2,060	2,203	983	3,350	85	892	2	20	1	1	1,063	4,169	2	52	6	42
2015	도봉구	하수폐기물처리 원료재생 및 환경복원업	12	3	119	90	29	2	6	10	113	-	-	-	-	11	115	-	-	1	4
2015	도봉구	건설업	493	88	2,832	2,245	587	370	962	123	1,870	-	-	-	-	477	2,608	9	116	7	108
2015	도봉구	도매 및 소매업	3,667	1,480	11,499	5,989	5,510	3,246	7,113	400	4,247	17	119	4	20	3,462	8,395	16	232	189	2,872
2015	도봉구	운수업	4,786	143	9,675	9,241	434	4,723	4,910	52	4,621	11	144	-	-	4,763	8,959	2	318	21	398
2015	도봉구	숙박 및 음식점업	2,675	1,618	7,469	2,797	4,672	2,604	6,461	62	896	9	112	-	-	2,624	6,665	5	81	46	723
2015	도봉구	출판 영상 방송통신 및 정보서비스업	88	15	642	467	175	50	134	30	240	8	268	-	-	83	575	-	-	5	67
2015	도봉구	금융 및 보험업	127	22	1,443	658	785	39	133	65	1,004	23	306	-	-	51	183	3	77	73	1,183
2015	도봉구	부동산업 및 임대업	790	330	2,778	1,785	993	573	897	70	881	4	33	143	967	754	2,031	6	492	30	255
2015	도봉구	전문 과학 및 기술 서비스업	331	43	1,589	996	593	256	867	55	538	19	183	1	1	305	1,161	8	208	18	220
2015	도봉구	사업시설관리 및 사업지원 서비스업	160	49	1,505	624	881	82	339	71	1,113	3	15	4	38	136	974	6	191	18	340
2015	도봉구	공공행정 국방 및 사회보장 행정	36	2	3,359	2,082	1,277	-	-	-	-	36	3,359	-	-	36	3,359	-	-	-	-
2015	도봉구	교육 서비스업	942	510	7,560	2,291	5,269	786	1,828	57	938	64	4,460	35	334	885	5,258	7	43	50	2,259
2015	도봉구	보건업 및 사회복지 서비스업	770	365	7,840	1,474	6,366	620	4,831	5	110	54	1,753	91	1,146	724	7,097	3	25	43	718
2015	도봉구	예술 스포츠 및 여가관련 서비스업	508	223	1,508	821	687	483	1,044	6	51	6	316	13	97	500	1,198	1	3	7	307
2015	도봉구	협회 및 단체 수리 및 기타 개인서비스업	1,997	978	4,581	2,442	2,139	1,506	2,380	33	911	23	90	435	1,200	1,967	3,962	4	62	26	557
2015	노원구	합계	25,827	9,000	114,736	55,090	59,646	22,495	53,172	1,826	28,484	529	25,991	977	7,089	24,627	85,055	145	7,226	1,055	22,455
2015	노원구	농업 임업 및 어업	1	-	2	1	1	-	-	-	-	1	2	-	-	-	-	-	-	1	2
2015	노원구	제조업	841	180	4,019	2,264	1,755	705	2,361	131	1,411	4	123	1	124	814	3,597	17	292	10	130
2015	노원구	전기 가스 증기 및 수도사업	4	-	219	185	34	-	-	1	78	3	141	-	-	-	-	-	-	4	219
2015	노원구	하수폐기물처리 원료재생 및 환경복원업	14	2	146	125	21	2	6	12	140	-	-	-	-	13	125	-	-	1	21
2015	노원구	건설업	494	91	2,302	1,836	466	352	967	141	1,333	1	2	-	-	484	2,089	5	71	5	142
2015	노원구	도매 및 소매업	5,105	2,279	15,649	7,358	8,291	4,486	10,565	595	4,931	21	146	3	7	4,766	12,231	35	414	304	3,004
2015	노원구	운수업	6,338	232	11,822	11,288	534	6,241	6,437	60	4,810	35	569	2	6	6,286	10,059	3	363	49	1,400
2015	노원구	숙박 및 음식점업	4,111	2,320	14,041	5,549	8,492	3,955	11,787	142	2,192	11	52	3	10	3,991	12,136	6	51	114	1,854
2015	노원구	출판 영상 방송통신 및 정보서비스업	158	42	1,079	721	358	67	158	74	665	15	246	2	10	142	668	-	-	16	411
2015	노원구	금융 및 보험업	236	35	4,232	1,359	2,873	21	52	183	3,718	31	453	1	9	41	485	2	22	193	3,725
2015	노원구	부동산업 및 임대업	1,219	450	4,762	3,275	1,487	849	1,583	86	651	8	59	276	2,469	1,180	4,393	8	94	31	275
2015	노원구	전문 과학 및 기술 서비스업	397	67	3,027	1,486	1,541	254	788	108	1,678	35	561	-	-	354	1,635	17	998	26	394
2015	노원구	사업시설관리 및 사업지원 서비스업	213	63	4,271	1,782	2,489	114	512	81	3,267	6	178	12	314	185	3,254	8	361	20	656
2015	노원구	공공행정 국방 및 사회보장 행정	39	3	3,268	1,951	1,317	-	-	-	-	39	3,268	-	-	38	3,207	-	-	1	61
2015	노원구	교육 서비스업	1,880	983	20,976	8,444	12,532	1,533	4,719	143	2,603	165	13,226	39	428	1,710	12,767	24	2,095	146	6,114
2015	노원구	보건업 및 사회복지 서비스업	1,354	643	15,854	3,153	12,701	1,170	7,569	7	163	95	6,233	82	1,889	1,267	10,121	12	2,355	75	3,378
2015	노원구	예술 스포츠 및 여가관련 서비스업	800	324	2,622	1,501	1,121	757	1,791	16	132	16	524	11	175	784	2,281	1	5	15	336
2015	노원구	협회 및 단체 수리 및 기타 개인서비스업	2,623	1,286	6,445	2,812	3,633	1,989	3,877	46	712	43	208	545	1,648	2,572	6,007	7	105	44	333
2015	은평구	합계	24,179	9,029	87,693	42,879	44,814	21,340	47,017	1,483	21,421	526	15,738	830	3,517	23,302	70,912	129	3,710	748	13,071
2015	은평구	제조업	970	255	3,298	1,713	1,585	863	2,371	97	787	10	140	-	-	957	2,998	5	137	8	163
2015	은평구	전기 가스 증기 및 수도사업	3	-	150	125	25	-	-	1	65	2	85	-	-	-	-	-	-	3	150
2015	은평구	하수폐기물처리 원료재생 및 환경복원업	14	2	189	170	19	5	12	9	177	-	-	-	-	13	162	-	-	1	27
2015	은평구	건설업	656	108	5,044	4,274	770	396	965	257	4,069	3	10	-	-	634	4,620	10	210	12	214
2015	은평구	도매 및 소매업	5,154	2,262	15,272	7,175	8,097	4,639	10,113	487	4,936	26	212	2	11	4,871	11,816	42	647	241	2,809
2015	은평구	운수업	5,041	192	8,740	8,343	397	4,977	5,152	41	3,157	20	421	3	10	5,009	7,338	4	739	28	663
2015	은평구	숙박 및 음식점업	4,016	2,392	11,281	4,363	6,918	3,920	9,846	84	1,384	8	38	4	13	3,949	10,044	1	9	66	1,228
2015	은평구	출판 영상 방송통신 및 정보서비스업	161	34	1,085	637	448	97	244	50	592	13	248	1	1	155	850	1	45	5	190
2015	은평구	금융 및 보험업	170	31	2,633	733	1,900	17	40	105	2,103	48	490	-	-	30	190	12	142	128	2,301
2015	은평구	부동산업 및 임대업	1,256	496	2,964	1,840	1,124	996	1,557	90	497	28	82	142	828	1,220	2,735	4	25	32	204
2015	은평구	전문 과학 및 기술 서비스업	353	46	1,546	920	626	258	710	70	561	24	274	1	1	324	1,225	9	128	20	193
2015	은평구	사업시설관리 및 사업지원 서비스업	164	46	1,704	852	852	89	320	64	1,195	10	178	1	11	148	1,106	9	471	7	127
2015	은평구	공공행정 국방 및 사회보장 행정	51	4	3,860	2,608	1,252	-	-	-	-	51	3,860	-	-	49	3,530	1	294	1	36
2015	은평구	교육 서비스업	1,415	829	10,669	3,294	7,375	1,224	3,101	55	1,160	111	6,223	25	185	1,344	7,550	12	610	59	2,509
2015	은평구	보건업 및 사회복지 서비스업	1,075	486	11,041	2,073	8,968	913	7,233	4	87	88	2,778	70	943	1,005	9,399	11	87	59	1,555
2015	은평구	예술 스포츠 및 여가관련 서비스업	729	299	1,973	1,091	882	683	1,429	20	160	14	330	12	54	714	1,659	3	126	12	188
2015	은평구	협회 및 단체 수리 및 기타 개인서비스업	2,951	1,547	6,244	2,668	3,576	2,263	3,924	49	491	70	369	569	1,460	2,880	5,690	5	40	66	514
2015	서대문구	합계	19,612	7,253	111,615	56,198	55,417	16,237	37,835	2,115	35,821	629	34,732	631	3,227	18,376	65,712	201	13,264	1,035	32,639
2015	서대문구	제조업	777	213	2,748	1,475	1,273	687	1,938	84	711	4	96	2	3	760	2,383	9	197	8	168
2015	서대문구	전기 가스 증기 및 수도사업	3	-	523	371	152	-	-	1	50	2	473	-	-	3	523	-	-	-	-
2015	서대문구	하수폐기물처리 원료재생 및 환경복원업	10	3	169	150	19	2	5	8	164	-	-	-	-	8	121	1	47	1	1
2015	서대문구	건설업	483	72	3,753	3,312	441	335	804	147	2,948	1	1	-	-	470	2,536	8	1,144	5	73
2015	서대문구	도매 및 소매업	4,214	1,743	14,644	7,701	6,943	3,599	7,834	587	6,616	27	192	1	2	3,896	9,729	49	2,517	269	2,398
2015	서대문구	운수업	2,928	111	5,786	5,425	361	2,835	3,020	82	2,638	9	116	2	12	2,908	5,450	5	196	15	140
2015	서대문구	숙박 및 음식점업	4,280	2,340	14,745	5,969	8,776	3,973	11,171	293	3,510	11	47	3	17	4,026	12,017	11	80	243	2,648
2015	서대문구	출판 영상 방송통신 및 정보서비스업	369	82	3,172	2,076	1,096	185	491	161	2,293	20	378	3	10	341	2,632	10	323	18	217
2015	서대문구	금융 및 보험업	205	22	5,299	2,669	2,630	17	28	143	4,726	44	542	1	3	52	681	16	1,773	137	2,845
2015	서대문구	부동산업 및 임대업	931	353	2,764	1,792	972	708	1,227	99	820	27	100	97	617	891	2,349	7	36	33	379
2015	서대문구	전문 과학 및 기술 서비스업	508	99	5,724	2,962	2,762	293	966	157	2,399	51	2,336	7	23	460	2,659	23	1,959	25	1,106
2015	서대문구	사업시설관리 및 사업지원 서비스업	373	106	7,558	4,195	3,363	154	386	200	7,039	13	84	6	49	324	4,234	14	2,091	35	1,233
2015	서대문구	공공행정 국방 및 사회보장 행정	45	2	4,318	3,055	1,263	-	-	-	-	45	4,318	-	-	43	4,072	1	176	1	70
2015	서대문구	교육 서비스업	1,021	575	15,984	7,173	8,811	760	2,119	95	1,384	140	12,254	26	227	873	4,932	19	2,013	129	9,039
2015	서대문구	보건업 및 사회복지 서비스업	727	272	17,432	4,603	12,829	565	3,621	3	66	93	12,907	66	838	661	5,195	12	425	54	11,812
2015	서대문구	예술 스포츠 및 여가관련 서비스업	557	213	1,799	971	828	503	1,201	29	231	14	316	11	51	533	1,432	5	98	19	269
2015	서대문구	협회 및 단체 수리 및 기타 개인서비스업	2,181	1,047	5,197	2,299	2,898	1,621	3,024	26	226	128	572	406	1,375	2,127	4,767	11	189	43	241
2015	마포구	합계	36,504	11,901	252,534	141,953	110,581	25,565	68,728	9,147	153,840	985	25,295	807	4,671	33,795	164,015	868	55,795	1,841	32,724
2015	마포구	제조업	1,456	358	5,772	3,219	2,553	1,164	3,207	290	2,554	2	11	-	-	1,418	4,970	20	671	18	131
2015	마포구	전기 가스 증기 및 수도사업	7	-	437	378	59	-	-	3	194	4	243	-	-	2	2	-	-	5	435
2015	마포구	하수폐기물처리 원료재생 및 환경복원업	27	4	346	313	33	2	5	14	238	11	103	-	-	25	338	2	8	-	-
2015	마포구	건설업	1,152	172	14,703	12,643	2,060	535	1,450	617	13,253	-	-	-	-	1,102	11,051	29	3,334	21	318
2015	마포구	도매 및 소매업	8,049	2,792	34,481	18,998	15,483	5,586	12,492	2,426	21,770	35	212	2	7	7,324	22,299	237	6,492	488	5,690
2015	마포구	운수업	3,072	201	14,219	10,800	3,419	2,399	2,703	636	10,511	30	969	7	36	2,941	8,664	75	4,282	56	1,273
2015	마포구	숙박 및 음식점업	7,511	3,572	28,077	12,610	15,467	6,935	22,097	553	5,857	16	100	7	23	7,126	23,664	58	600	327	3,813
2015	마포구	출판 영상 방송통신 및 정보서비스업	2,654	457	37,404	24,186	13,218	1,041	3,312	1,562	32,824	48	1,243	3	25	2,507	23,336	80	10,437	67	3,631
2015	마포구	금융 및 보험업	599	86	15,520	7,976	7,544	42	124	479	12,101	78	3,295	-	-	188	1,626	43	4,659	368	9,235
2015	마포구	부동산업 및 임대업	1,783	577	6,603	4,270	2,333	1,264	2,229	339	3,045	30	241	150	1,088	1,666	5,152	34	661	83	790
2015	마포구	전문 과학 및 기술 서비스업	2,549	507	21,042	12,664	8,378	1,312	3,893	1,068	15,802	158	1,315	11	32	2,315	11,510	126	7,460	108	2,072
2015	마포구	사업시설관리 및 사업지원 서비스업	1,063	291	31,684	16,143	15,541	288	1,175	738	29,875	20	525	17	109	937	19,620	61	10,627	65	1,437
2015	마포구	공공행정 국방 및 사회보장 행정	61	7	4,346	2,639	1,707	-	-	-	-	61	4,346	-	-	56	3,950	-	-	5	396
2015	마포구	교육 서비스업	1,533	776	15,479	6,418	9,061	1,154	3,790	211	3,192	122	8,026	46	471	1,401	8,814	35	4,676	97	1,989
2015	마포구	보건업 및 사회복지 서비스업	1,088	427	8,904	1,675	7,229	913	5,775	11	157	77	1,622	87	1,350	1,029	7,643	17	764	42	497
2015	마포구	예술 스포츠 및 여가관련 서비스업	910	339	4,230	2,507	1,723	744	1,901	116	1,094	30	1,159	20	76	867	3,495	12	441	31	294
2015	마포구	협회 및 단체 수리 및 기타 개인서비스업	2,990	1,335	9,287	4,514	4,773	2,186	4,575	84	1,373	263	1,885	457	1,454	2,891	7,881	39	683	60	723
2015	양천구	합계	26,297	9,423	119,443	63,854	55,589	22,105	52,790	2,855	42,790	454	18,986	883	4,877	25,076	92,832	258	8,739	963	17,872
2015	양천구	제조업	1,221	313	5,388	2,669	2,719	1,071	3,671	150	1,717	-	-	-	-	1,198	4,983	19	361	4	44
2015	양천구	전기 가스 증기 및 수도사업	4	-	465	355	110	-	-	1	7	3	458	-	-	2	224	-	-	2	241
2015	양천구	하수폐기물처리 원료재생 및 환경복원업	23	3	329	263	66	4	8	18	318	1	3	-	-	19	251	2	11	2	67
2015	양천구	건설업	831	119	9,629	8,352	1,277	524	1,343	307	8,286	-	-	-	-	815	8,492	9	1,036	7	101
2015	양천구	도매 및 소매업	5,744	2,338	18,149	9,309	8,840	4,750	10,683	963	7,253	25	187	6	26	5,362	13,804	66	957	316	3,388
2015	양천구	운수업	5,054	283	12,432	11,531	901	4,822	5,317	215	6,263	16	850	1	2	5,004	10,320	21	1,030	29	1,082
2015	양천구	숙박 및 음식점업	3,596	2,134	12,001	4,558	7,443	3,444	9,547	149	2,436	3	18	-	-	3,474	9,894	4	21	118	2,086
2015	양천구	출판 영상 방송통신 및 정보서비스업	310	64	5,133	3,617	1,516	125	360	176	4,210	8	514	1	49	281	2,308	15	2,191	14	634
2015	양천구	금융 및 보험업	186	29	2,358	925	1,433	15	31	132	1,866	39	461	-	-	39	198	7	108	140	2,052
2015	양천구	부동산업 및 임대업	1,267	518	4,177	2,665	1,512	941	1,501	156	1,231	6	14	164	1,431	1,198	3,394	14	122	55	661
2015	양천구	전문 과학 및 기술 서비스업	706	101	3,407	2,018	1,389	484	1,516	164	1,347	52	533	6	11	635	2,579	29	489	42	339
2015	양천구	사업시설관리 및 사업지원 서비스업	242	74	4,027	2,383	1,644	106	452	114	3,129	7	260	15	186	214	2,727	14	662	14	638
2015	양천구	공공행정 국방 및 사회보장 행정	47	7	4,778	3,129	1,649	-	-	-	-	47	4,778	-	-	45	4,518	1	236	1	24
2015	양천구	교육 서비스업	2,285	1,197	15,066	5,042	10,024	1,941	5,441	213	3,145	99	6,183	32	297	2,146	11,632	25	507	114	2,927
2015	양천구	보건업 및 사회복지 서비스업	1,144	505	12,106	2,245	9,861	985	7,111	12	242	58	3,614	89	1,139	1,094	9,126	7	300	43	2,680
2015	양천구	예술 스포츠 및 여가관련 서비스업	815	334	2,765	1,513	1,252	735	1,736	31	356	17	503	32	170	795	2,282	3	39	17	444
2015	양천구	협회 및 단체 수리 및 기타 개인서비스업	2,822	1,404	7,233	3,280	3,953	2,158	4,073	54	984	73	610	537	1,566	2,755	6,100	22	669	45	464
2015	강서구	합계	33,273	11,281	199,289	109,448	89,841	26,173	63,805	5,316	109,761	636	19,980	1,148	5,743	31,266	126,024	486	43,679	1,521	29,586
2015	강서구	농업 임업 및 어업	1	-	28	25	3	-	-	-	-	1	28	-	-	1	28	-	-	-	-
2015	강서구	제조업	1,237	313	6,742	3,750	2,992	945	3,236	288	3,431	4	75	-	-	1,200	5,685	22	761	15	296
2015	강서구	전기 가스 증기 및 수도사업	6	1	500	412	88	1	1	3	414	2	85	-	-	2	3	1	365	3	132
2015	강서구	하수폐기물처리 원료재생 및 환경복원업	44	4	655	558	97	6	35	31	600	7	20	-	-	36	560	2	16	6	79
2015	강서구	건설업	1,043	131	11,570	9,845	1,725	522	1,514	520	10,047	-	-	1	9	993	9,122	30	2,167	20	281
2015	강서구	도매 및 소매업	8,094	3,002	31,565	17,819	13,746	6,099	14,539	1,964	16,767	30	257	1	2	7,508	23,751	136	2,547	450	5,267
2015	강서구	운수업	6,856	357	49,775	32,968	16,807	6,145	6,721	647	41,415	63	1,638	1	1	6,616	16,520	93	28,019	147	5,236
2015	강서구	숙박 및 음식점업	4,901	2,828	17,482	6,681	10,801	4,649	13,588	243	3,843	7	38	2	13	4,702	14,397	12	141	187	2,944
2015	강서구	출판 영상 방송통신 및 정보서비스업	539	79	6,597	4,718	1,879	177	528	351	5,790	11	279	-	-	494	4,576	15	777	30	1,244
2015	강서구	금융 및 보험업	292	45	4,229	1,558	2,671	33	119	208	3,367	51	743	-	-	87	457	8	282	197	3,490
2015	강서구	부동산업 및 임대업	1,663	603	5,902	3,719	2,183	1,143	2,040	257	2,163	11	203	252	1,496	1,547	4,713	16	372	100	817
2015	강서구	전문 과학 및 기술 서비스업	772	113	7,965	5,333	2,632	387	1,042	346	6,179	37	740	2	4	619	3,305	67	3,094	86	1,566
2015	강서구	사업시설관리 및 사업지원 서비스업	367	95	12,867	6,483	6,384	132	410	218	11,873	10	510	7	74	290	7,439	32	3,104	45	2,324
2015	강서구	공공행정 국방 및 사회보장 행정	58	4	3,405	2,288	1,117	-	-	-	-	58	3,405	-	-	57	3,333	-	-	1	72
2015	강서구	교육 서비스업	1,622	958	13,237	4,286	8,951	1,376	4,214	94	1,463	123	7,223	29	337	1,529	9,759	17	688	76	2,790
2015	강서구	보건업 및 사회복지 서비스업	1,339	611	14,119	2,470	11,649	1,136	8,828	7	359	90	3,379	106	1,553	1,265	11,616	15	759	59	1,744
2015	강서구	예술 스포츠 및 여가관련 서비스업	955	435	2,777	1,432	1,345	844	1,871	32	280	33	358	46	268	925	2,498	2	20	28	259
2015	강서구	협회 및 단체 수리 및 기타 개인서비스업	3,484	1,702	9,874	5,103	4,771	2,578	5,119	107	1,770	98	999	701	1,986	3,395	8,262	18	567	71	1,045
2015	구로구	합계	37,445	10,600	210,506	123,080	87,426	27,635	65,263	8,318	121,550	654	18,252	838	5,441	35,182	148,402	662	36,704	1,601	25,400
2015	구로구	농업 임업 및 어업	1	-	1	1	-	-	-	1	1	-	-	-	-	1	1	-	-	-	-
2015	구로구	제조업	3,746	490	20,121	14,016	6,105	2,811	7,624	927	12,423	7	69	1	5	3,609	16,102	80	3,354	57	665
2015	구로구	전기 가스 증기 및 수도사업	4	-	79	74	5	-	-	1	65	3	14	-	-	2	10	1	65	1	4
2015	구로구	하수폐기물처리 원료재생 및 환경복원업	22	2	211	187	24	2	9	14	189	6	13	-	-	17	139	3	41	2	31
2015	구로구	건설업	1,043	132	10,750	9,421	1,329	531	1,655	509	9,086	2	6	1	3	990	7,578	32	2,950	21	222
2015	구로구	도매 및 소매업	11,920	3,312	38,676	23,842	14,834	8,673	18,476	3,211	20,000	30	189	6	11	11,081	30,612	234	3,611	605	4,453
2015	구로구	운수업	4,699	204	9,578	8,783	795	4,523	4,938	131	3,525	41	1,092	4	23	4,634	7,124	13	1,035	52	1,419
2015	구로구	숙박 및 음식점업	4,544	2,711	14,412	5,200	9,212	4,324	11,696	214	2,685	2	13	4	18	4,372	12,168	3	18	169	2,226
2015	구로구	출판 영상 방송통신 및 정보서비스업	2,075	270	29,755	21,767	7,988	433	1,339	1,626	28,330	13	82	3	4	1,953	24,195	60	4,231	62	1,329
2015	구로구	금융 및 보험업	406	49	7,651	2,741	4,910	72	111	257	6,758	77	782	-	-	152	724	24	905	230	6,022
2015	구로구	부동산업 및 임대업	1,305	440	4,859	3,150	1,709	883	1,541	199	1,665	12	46	211	1,607	1,231	4,181	19	204	55	474
2015	구로구	전문 과학 및 기술 서비스업	1,428	167	14,792	10,308	4,484	658	2,214	655	11,021	110	1,539	5	18	1,210	8,822	106	4,324	112	1,646
2015	구로구	사업시설관리 및 사업지원 서비스업	572	148	22,769	9,541	13,228	223	818	326	21,703	8	65	15	183	465	7,035	37	13,300	70	2,434
2015	구로구	공공행정 국방 및 사회보장 행정	47	-	4,439	3,075	1,364	-	-	-	-	47	4,439	-	-	46	4,433	-	-	1	6
2015	구로구	교육 서비스업	1,143	640	10,342	3,607	6,735	894	2,548	106	1,927	101	5,562	42	305	1,076	7,722	16	1,632	51	988
2015	구로구	보건업 및 사회복지 서비스업	1,055	463	11,775	2,116	9,659	891	6,745	10	190	70	3,466	84	1,374	1,011	8,754	11	381	33	2,640
2015	구로구	예술 스포츠 및 여가관련 서비스업	795	360	2,011	1,135	876	732	1,515	35	284	19	163	9	49	777	1,877	3	31	15	103
2015	구로구	협회 및 단체 수리 및 기타 개인서비스업	2,640	1,212	8,285	4,116	4,169	1,985	4,034	96	1,698	106	712	453	1,841	2,555	6,925	20	622	65	738
2015	금천구	합계	30,080	8,000	223,058	142,086	80,972	19,752	54,184	9,274	156,287	455	9,540	599	3,047	27,767	151,561	799	42,084	1,514	29,413
2015	금천구	광업	2	-	2	2	-	-	-	2	2	-	-	-	-	2	2	-	-	-	-
2015	금천구	제조업	5,212	932	44,271	28,627	15,644	3,334	12,790	1,868	31,330	8	146	2	5	4,933	33,602	170	8,850	109	1,819
2015	금천구	전기 가스 증기 및 수도사업	3	-	11	6	5	1	4	2	7	-	-	-	-	3	11	-	-	-	-
2015	금천구	하수폐기물처리 원료재생 및 환경복원업	25	-	208	191	17	4	7	14	152	7	49	-	-	21	186	2	20	2	2
2015	금천구	건설업	1,067	135	12,634	10,980	1,654	491	1,472	573	11,118	2	3	1	41	991	8,774	39	3,183	37	677
2015	금천구	도매 및 소매업	8,342	2,407	37,322	22,982	14,340	5,546	13,036	2,784	24,258	11	26	1	2	7,598	26,575	219	5,656	525	5,091
2015	금천구	운수업	2,771	141	9,067	7,972	1,095	2,556	3,610	188	5,236	23	197	4	24	2,679	6,793	26	1,265	66	1,009
2015	금천구	숙박 및 음식점업	3,294	1,984	10,623	3,632	6,991	3,132	8,620	155	1,987	3	7	4	9	3,167	9,024	4	25	123	1,574
2015	금천구	출판 영상 방송통신 및 정보서비스업	2,283	245	33,128	23,746	9,382	456	1,644	1,819	31,038	8	446	-	-	2,110	23,661	85	7,772	88	1,695
2015	금천구	금융 및 보험업	192	22	2,739	1,397	1,342	27	57	118	2,024	47	658	-	-	72	668	11	433	109	1,638
2015	금천구	부동산업 및 임대업	881	242	3,886	2,706	1,180	600	997	207	2,367	2	4	72	518	803	2,412	23	712	55	762
2015	금천구	전문 과학 및 기술 서비스업	1,798	208	30,152	22,223	7,929	667	2,537	1,029	26,129	99	1,479	3	7	1,448	12,947	144	5,523	206	11,682
2015	금천구	사업시설관리 및 사업지원 서비스업	469	92	18,629	9,394	9,235	153	646	287	17,598	4	53	25	332	359	9,430	32	7,380	78	1,819
2015	금천구	공공행정 국방 및 사회보장 행정	33	7	1,879	1,136	743	-	-	-	-	33	1,879	-	-	31	1,868	-	-	2	11
2015	금천구	교육 서비스업	603	310	5,285	1,729	3,556	426	1,269	101	1,196	63	2,701	13	119	555	4,163	16	483	32	639
2015	금천구	보건업 및 사회복지 서비스업	616	241	5,884	1,099	4,785	485	3,783	6	74	35	1,000	90	1,027	591	5,178	5	368	20	338
2015	금천구	예술 스포츠 및 여가관련 서비스업	520	231	1,439	771	668	473	1,002	21	178	15	185	11	74	502	1,252	-	-	18	187
2015	금천구	협회 및 단체 수리 및 기타 개인서비스업	1,969	803	5,899	3,493	2,406	1,401	2,710	100	1,593	95	707	373	889	1,902	5,015	23	414	44	470
2015	영등포구	합계	44,512	13,068	362,524	215,032	147,492	31,835	78,486	10,493	234,094	1,225	43,773	959	6,171	40,990	202,141	1,123	109,298	2,399	51,085
2015	영등포구	광업	3	-	3	3	-	1	1	2	2	-	-	-	-	3	3	-	-	-	-
2015	영등포구	제조업	4,414	658	15,113	10,697	4,416	3,856	9,475	552	5,514	5	120	1	4	4,323	12,972	54	1,478	37	663
2015	영등포구	전기 가스 증기 및 수도사업	11	-	704	562	142	-	-	5	280	6	424	-	-	4	116	1	229	6	359
2015	영등포구	하수폐기물처리 원료재생 및 환경복원업	19	2	388	329	59	3	4	15	382	1	2	-	-	16	249	3	139	-	-
2015	영등포구	건설업	1,381	201	17,996	15,403	2,593	661	1,719	719	16,276	-	-	1	1	1,314	12,408	45	4,807	22	781
2015	영등포구	도매 및 소매업	12,192	3,652	56,809	34,965	21,844	8,740	18,679	3,413	37,957	33	151	6	22	11,219	34,612	310	13,854	663	8,343
2015	영등포구	운수업	4,172	198	14,159	11,683	2,476	3,720	4,243	332	8,651	108	1,167	12	98	3,965	8,619	73	3,955	134	1,585
2015	영등포구	숙박 및 음식점업	6,946	3,949	26,428	9,919	16,509	6,395	18,934	532	7,326	15	146	4	22	6,496	20,303	30	392	420	5,733
2015	영등포구	출판 영상 방송통신 및 정보서비스업	1,955	296	32,854	24,109	8,745	575	1,761	1,349	26,891	30	4,200	1	2	1,853	20,049	54	10,867	48	1,938
2015	영등포구	금융 및 보험업	1,073	135	55,108	32,281	22,827	123	234	830	47,388	119	7,481	1	5	552	8,594	99	35,163	422	11,351
2015	영등포구	부동산업 및 임대업	1,947	518	12,310	8,718	3,592	1,198	2,322	488	7,603	25	278	236	2,107	1,802	6,967	40	3,611	105	1,732
2015	영등포구	전문 과학 및 기술 서비스업	2,533	379	31,614	21,437	10,177	1,054	3,118	1,221	21,600	248	6,861	10	35	2,128	15,007	198	13,522	207	3,085
2015	영등포구	사업시설관리 및 사업지원 서비스업	1,043	275	49,733	23,028	26,705	340	1,057	671	48,439	14	176	18	61	840	23,891	95	17,003	108	8,839
2015	영등포구	공공행정 국방 및 사회보장 행정	69	5	8,427	5,565	2,862	-	-	-	-	69	8,427	-	-	63	8,315	1	60	5	52
2015	영등포구	교육 서비스업	1,281	670	9,207	3,007	6,200	950	2,787	159	1,585	116	4,392	56	443	1,198	7,579	21	588	62	1,040
2015	영등포구	보건업 및 사회복지 서비스업	1,113	410	13,933	3,257	10,676	925	7,460	6	76	76	5,338	106	1,059	1,058	9,820	16	675	39	3,438
2015	영등포구	예술 스포츠 및 여가관련 서비스업	1,013	420	4,038	2,320	1,718	893	1,877	69	825	28	1,162	23	174	977	3,174	6	71	30	793
2015	영등포구	협회 및 단체 수리 및 기타 개인서비스업	3,347	1,300	13,700	7,749	5,951	2,401	4,815	130	3,299	332	3,448	484	2,138	3,179	9,463	77	2,884	91	1,353
2015	동작구	합계	19,609	7,593	103,915	53,424	50,491	16,533	39,944	1,865	38,890	497	21,147	714	3,934	18,582	71,463	204	15,770	823	16,682
2015	동작구	제조업	619	175	2,246	1,128	1,118	544	1,534	72	635	3	77	-	-	610	2,083	3	24	6	139
2015	동작구	전기 가스 증기 및 수도사업	6	-	421	311	110	-	-	3	60	3	361	-	-	3	272	-	-	3	149
2015	동작구	하수폐기물처리 원료재생 및 환경복원업	14	1	206	186	20	1	4	12	195	1	7	-	-	13	184	1	22	-	-
2015	동작구	건설업	575	61	4,726	4,116	610	389	910	186	3,816	-	-	-	-	559	4,523	7	145	9	58
2015	동작구	도매 및 소매업	4,882	2,025	15,286	8,157	7,129	4,267	9,751	597	5,423	18	112	-	-	4,609	11,687	66	1,654	207	1,945
2015	동작구	운수업	2,109	85	3,126	2,934	192	2,057	2,278	34	517	17	328	1	3	2,083	2,767	1	3	25	356
2015	동작구	숙박 및 음식점업	3,938	2,202	12,446	5,008	7,438	3,787	10,744	133	1,504	8	159	10	39	3,830	11,164	8	54	100	1,228
2015	동작구	출판 영상 방송통신 및 정보서비스업	270	50	4,001	2,617	1,384	103	266	155	3,434	11	294	1	7	246	3,018	8	668	16	315
2015	동작구	금융 및 보험업	200	32	3,792	1,809	1,983	16	33	137	3,132	47	627	-	-	44	262	11	624	145	2,906
2015	동작구	부동산업 및 임대업	1,145	411	4,382	2,544	1,838	877	1,471	107	1,719	18	89	143	1,103	1,106	3,912	6	54	33	416
2015	동작구	전문 과학 및 기술 서비스업	435	67	6,572	4,399	2,173	253	718	152	5,530	28	320	2	4	376	2,003	27	3,895	32	674
2015	동작구	사업시설관리 및 사업지원 서비스업	268	60	10,806	5,150	5,656	138	353	121	10,342	8	105	1	6	226	4,900	19	3,543	23	2,363
2015	동작구	공공행정 국방 및 사회보장 행정	36	4	3,701	2,272	1,429	-	-	-	-	36	3,701	-	-	36	3,701	-	-	-	-
2015	동작구	교육 서비스업	1,170	639	13,506	6,145	7,361	915	2,621	109	1,896	120	8,819	26	170	1,034	6,286	17	4,337	119	2,883
2015	동작구	보건업 및 사회복지 서비스업	922	389	10,729	2,528	8,201	770	4,474	3	16	76	4,945	73	1,294	862	7,832	11	348	49	2,549
2015	동작구	예술 스포츠 및 여가관련 서비스업	716	296	2,339	1,356	983	658	1,645	19	152	22	481	17	61	697	2,086	1	18	18	235
2015	동작구	협회 및 단체 수리 및 기타 개인서비스업	2,304	1,096	5,630	2,764	2,866	1,758	3,142	25	519	81	722	440	1,247	2,248	4,783	18	381	38	466
2015	관악구	합계	26,235	9,672	119,180	61,798	57,382	22,693	55,314	2,062	39,215	544	19,267	936	5,384	25,144	88,392	182	16,287	909	14,501
2015	관악구	광업	1	-	1	1	-	-	-	1	1	-	-	-	-	1	1	-	-	-	-
2015	관악구	제조업	1,353	387	5,607	2,535	3,072	1,234	4,303	116	1,294	2	3	1	7	1,333	5,057	11	434	9	116
2015	관악구	하수폐기물처리 원료재생 및 환경복원업	15	3	194	173	21	4	34	11	160	-	-	-	-	15	194	-	-	-	-
2015	관악구	건설업	728	82	9,779	8,745	1,034	476	1,097	252	8,682	-	-	-	-	704	7,494	10	1,918	14	367
2015	관악구	도매 및 소매업	5,500	2,382	16,432	8,351	8,081	4,835	10,998	631	4,808	30	258	4	368	5,140	13,245	44	790	316	2,397
2015	관악구	운수업	3,949	143	6,224	5,912	312	3,892	4,114	44	1,967	11	139	2	4	3,927	5,624	6	370	16	230
2015	관악구	숙박 및 음식점업	5,490	3,068	17,350	7,118	10,232	5,328	14,624	147	2,233	12	484	3	9	5,369	14,989	7	305	114	2,056
2015	관악구	출판 영상 방송통신 및 정보서비스업	320	56	3,307	2,303	1,004	145	417	158	2,581	15	304	2	5	293	2,171	5	164	22	972
2015	관악구	금융 및 보험업	181	21	2,117	879	1,238	21	36	107	1,490	52	587	1	4	58	295	9	150	114	1,672
2015	관악구	부동산업 및 임대업	1,310	393	3,770	2,457	1,313	1,082	2,034	119	989	11	58	98	689	1,258	3,151	11	164	41	455
2015	관악구	전문 과학 및 기술 서비스업	634	92	4,998	3,205	1,793	355	1,023	172	3,072	75	775	32	128	573	2,656	19	1,096	42	1,246
2015	관악구	사업시설관리 및 사업지원 서비스업	312	77	9,310	5,107	4,203	151	531	140	8,392	9	292	12	95	273	4,577	12	2,747	27	1,986
2015	관악구	공공행정 국방 및 사회보장 행정	47	4	3,733	2,379	1,354	-	-	-	-	47	3,733	-	-	47	3,733	-	-	-	-
2015	관악구	교육 서비스업	1,229	674	15,206	5,221	9,985	987	2,751	86	2,021	109	10,076	47	358	1,144	6,923	17	6,594	68	1,689
2015	관악구	보건업 및 사회복지 서비스업	1,095	433	9,922	1,815	8,107	923	6,907	4	44	55	1,433	113	1,538	1,055	8,882	9	529	31	511
2015	관악구	예술 스포츠 및 여가관련 서비스업	953	407	2,917	1,643	1,274	871	2,050	32	222	22	498	28	147	919	2,464	9	96	25	357
2015	관악구	협회 및 단체 수리 및 기타 개인서비스업	3,118	1,450	8,313	3,954	4,359	2,389	4,395	42	1,259	94	627	593	2,032	3,035	6,936	13	930	70	447
2015	서초구	합계	47,061	14,659	439,963	269,984	169,979	29,099	88,628	15,109	295,245	1,941	49,817	912	6,273	42,337	262,977	1,737	101,693	2,987	75,293
2015	서초구	광업	1	-	4	3	1	-	-	1	4	-	-	-	-	-	-	1	4	-	-
2015	서초구	제조업	1,118	324	7,431	3,782	3,649	702	1,766	415	5,627	1	38	-	-	1,030	3,853	60	3,411	28	167
2015	서초구	전기 가스 증기 및 수도사업	12	1	320	269	51	-	-	6	26	5	289	1	5	7	34	1	1	4	285
2015	서초구	하수폐기물처리 원료재생 및 환경복원업	16	2	218	193	25	2	9	12	204	2	5	-	-	13	192	1	16	2	10
2015	서초구	건설업	2,037	290	68,590	61,100	7,490	610	1,836	1,427	66,754	-	-	-	-	1,850	39,881	116	18,603	71	10,106
2015	서초구	도매 및 소매업	12,668	4,309	70,200	41,927	28,273	8,096	17,881	4,507	51,860	59	420	6	39	11,342	37,026	516	17,864	810	15,310
2015	서초구	운수업	1,406	129	10,773	9,082	1,691	1,055	1,409	332	8,348	13	918	6	98	1,293	5,357	47	2,562	66	2,854
2015	서초구	숙박 및 음식점업	6,743	3,453	34,503	14,490	20,013	5,928	22,655	802	11,731	10	104	3	13	6,140	26,182	50	1,287	553	7,034
2015	서초구	출판 영상 방송통신 및 정보서비스업	2,441	363	32,484	23,001	9,483	545	1,667	1,857	29,624	35	1,179	4	14	2,292	24,726	78	6,077	71	1,681
2015	서초구	금융 및 보험업	890	122	14,063	7,397	6,666	76	161	733	12,173	78	1,721	3	8	383	2,390	36	2,840	471	8,833
2015	서초구	부동산업 및 임대업	3,019	760	16,725	11,323	5,402	1,790	4,281	949	9,654	34	208	246	2,582	2,837	12,422	75	3,202	107	1,101
2015	서초구	전문 과학 및 기술 서비스업	6,746	917	73,378	48,783	24,595	3,399	11,488	2,434	47,852	895	13,764	18	274	5,886	36,549	491	22,008	369	14,821
2015	서초구	사업시설관리 및 사업지원 서비스업	1,187	316	41,196	19,033	22,163	368	1,369	777	39,004	20	644	22	179	1,017	21,358	92	17,366	78	2,472
2015	서초구	공공행정 국방 및 사회보장 행정	63	9	10,576	6,726	3,850	-	-	-	-	63	10,576	-	-	60	9,747	1	616	2	213
2015	서초구	교육 서비스업	2,452	1,196	21,110	8,026	13,084	1,738	5,278	517	7,764	167	7,840	30	228	2,218	14,275	67	3,416	167	3,419
2015	서초구	보건업 및 사회복지 서비스업	1,565	535	18,618	4,069	14,549	1,405	10,895	8	31	103	6,917	49	775	1,496	12,848	16	766	53	5,004
2015	서초구	예술 스포츠 및 여가관련 서비스업	1,246	495	5,912	3,102	2,810	1,016	2,570	151	1,279	41	1,939	38	124	1,205	5,344	9	98	32	470
2015	서초구	협회 및 단체 수리 및 기타 개인서비스업	3,451	1,438	13,862	7,678	6,184	2,369	5,363	181	3,310	415	3,255	486	1,934	3,268	10,793	80	1,556	103	1,513
2015	강남구	합계	73,590	22,847	711,278	405,780	305,498	42,967	147,234	27,450	497,258	2,082	59,099	1,091	7,687	65,234	417,189	3,124	192,802	5,232	101,287
2015	강남구	농업 임업 및 어업	4	-	79	72	7	-	-	3	36	1	43	-	-	4	79	-	-	-	-
2015	강남구	광업	4	-	17	15	2	-	-	4	17	-	-	-	-	4	17	-	-	-	-
2015	강남구	제조업	1,795	575	18,777	8,498	10,279	1,115	3,040	675	15,650	4	80	1	7	1,618	6,421	123	9,706	54	2,650
2015	강남구	전기 가스 증기 및 수도사업	24	3	1,778	1,548	230	-	-	18	1,445	6	333	-	-	11	223	5	1,215	8	340
2015	강남구	하수폐기물처리 원료재생 및 환경복원업	25	1	810	727	83	2	4	23	806	-	-	-	-	18	597	6	153	1	60
2015	강남구	건설업	2,249	351	55,801	48,155	7,646	646	1,641	1,602	54,158	1	2	-	-	2,060	37,684	125	15,681	64	2,436
2015	강남구	도매 및 소매업	17,848	6,283	145,803	81,764	64,039	9,764	24,153	8,021	121,338	56	296	7	16	15,076	63,786	1,171	56,107	1,601	25,910
2015	강남구	운수업	3,143	185	12,261	10,109	2,152	2,691	3,520	316	7,151	124	1,476	12	114	2,925	7,979	92	2,868	126	1,414
2015	강남구	숙박 및 음식점업	11,201	5,340	62,097	27,928	34,169	9,507	38,349	1,672	23,627	14	99	8	22	10,030	45,615	157	4,241	1,014	12,241
2015	강남구	출판 영상 방송통신 및 정보서비스업	4,740	666	64,127	44,751	19,376	976	2,762	3,724	59,572	36	1,739	4	54	4,475	49,305	155	11,769	110	3,053
2015	강남구	금융 및 보험업	1,757	219	36,478	19,474	17,004	153	281	1,473	32,964	122	3,220	9	13	762	5,007	95	12,133	900	19,338
2015	강남구	부동산업 및 임대업	5,565	1,440	32,264	21,128	11,136	3,229	8,487	1,992	18,864	39	1,642	305	3,271	5,213	23,149	144	5,760	208	3,355
2015	강남구	전문 과학 및 기술 서비스업	9,774	1,768	116,249	73,669	42,580	3,944	13,981	5,035	83,080	765	19,069	30	119	8,667	68,625	650	38,094	457	9,530
2015	강남구	사업시설관리 및 사업지원 서비스업	1,891	515	59,111	29,194	29,917	502	1,797	1,336	56,559	29	620	24	135	1,610	31,370	143	20,922	138	6,819
2015	강남구	공공행정 국방 및 사회보장 행정	56	4	5,481	3,376	2,105	-	-	-	-	56	5,481	-	-	55	5,393	-	-	1	88
2015	강남구	교육 서비스업	3,718	1,652	29,180	11,494	17,686	2,581	8,943	922	12,035	173	7,629	42	573	3,304	20,101	123	3,472	291	5,607
2015	강남구	보건업 및 사회복지 서비스업	2,914	777	37,899	8,500	29,399	2,678	23,817	34	485	136	12,462	66	1,135	2,809	26,066	25	6,840	80	4,993
2015	강남구	예술 스포츠 및 여가관련 서비스업	1,695	603	8,761	5,108	3,653	1,345	3,793	273	3,629	54	1,232	23	107	1,606	6,263	26	756	63	1,742
2015	강남구	협회 및 단체 수리 및 기타 개인서비스업	5,187	2,465	24,305	10,270	14,035	3,834	12,666	327	5,842	466	3,676	560	2,121	4,987	19,509	84	3,085	116	1,711
2015	송파구	합계	45,375	15,109	302,517	181,835	120,682	32,882	82,978	10,373	177,816	903	34,615	1,217	7,108	42,299	195,802	872	59,089	2,204	47,626
2015	송파구	농업 임업 및 어업	5	-	329	266	63	-	-	2	162	3	167	-	-	2	12	2	315	1	2
2015	송파구	광업	2	-	6	4	2	-	-	2	6	-	-	-	-	2	6	-	-	-	-
2015	송파구	제조업	1,509	365	9,441	5,095	4,346	1,115	3,035	387	6,386	6	18	1	2	1,428	5,794	54	3,366	27	281
2015	송파구	전기 가스 증기 및 수도사업	10	-	51	48	3	-	-	7	24	3	27	-	-	10	51	-	-	-	-
2015	송파구	하수폐기물처리 원료재생 및 환경복원업	31	6	492	392	100	2	2	22	470	7	20	-	-	29	481	-	-	2	11
2015	송파구	건설업	1,894	262	38,462	33,781	4,681	756	2,679	1,137	35,777	1	6	-	-	1,791	31,164	70	6,775	33	523
2015	송파구	도매 및 소매업	13,874	4,784	57,745	33,333	24,412	8,877	20,265	4,947	37,124	43	303	7	53	12,758	38,319	350	10,930	766	8,496
2015	송파구	운수업	5,632	284	14,682	13,744	938	5,447	5,868	149	8,112	34	696	2	6	5,570	11,752	16	2,033	46	897
2015	송파구	숙박 및 음식점업	6,543	3,594	26,689	11,108	15,581	6,037	18,745	495	7,749	6	172	5	23	6,166	19,799	24	438	353	6,452
2015	송파구	출판 영상 방송통신 및 정보서비스업	809	127	21,338	15,794	5,544	223	599	560	19,441	25	1,297	1	1	753	6,822	30	13,176	26	1,340
2015	송파구	금융 및 보험업	476	64	8,924	4,355	4,569	31	48	371	6,121	74	2,755	-	-	116	771	11	1,701	349	6,452
2015	송파구	부동산업 및 임대업	2,373	764	12,587	8,251	4,336	1,663	3,065	477	7,089	21	524	212	1,909	2,249	7,507	53	4,254	71	826
2015	송파구	전문 과학 및 기술 서비스업	2,064	266	22,018	15,824	6,194	954	3,218	969	17,408	137	1,375	4	17	1,780	12,493	132	6,533	152	2,992
2015	송파구	사업시설관리 및 사업지원 서비스업	649	160	24,799	14,614	10,185	212	1,188	424	23,302	9	279	4	30	535	14,840	37	6,946	77	3,013
2015	송파구	공공행정 국방 및 사회보장 행정	69	6	5,772	4,048	1,724	-	-	-	-	69	5,772	-	-	68	5,549	1	223	-	-
2015	송파구	교육 서비스업	2,253	1,237	17,964	5,972	11,992	1,860	5,964	212	2,877	132	8,491	49	632	2,102	13,336	36	969	115	3,659
2015	송파구	보건업 및 사회복지 서비스업	1,609	686	21,398	4,747	16,651	1,425	9,210	12	150	71	10,289	101	1,749	1,557	12,345	11	438	41	8,615
2015	송파구	예술 스포츠 및 여가관련 서비스업	1,407	604	7,289	4,067	3,222	1,240	2,945	73	2,996	53	1,069	41	279	1,365	4,852	13	341	29	2,096
2015	송파구	협회 및 단체 수리 및 기타 개인서비스업	4,166	1,900	12,531	6,392	6,139	3,040	6,147	127	2,622	209	1,355	790	2,407	4,018	9,909	32	651	116	1,971
2015	강동구	합계	30,079	10,609	143,061	78,766	64,295	25,639	59,863	3,145	61,217	491	17,877	804	4,104	28,682	98,922	266	22,245	1,131	21,894
2015	강동구	농업 임업 및 어업	3	2	35	22	13	-	-	2	30	1	5	-	-	2	21	1	14	-	-
2015	강동구	광업	1	-	5	5	-	-	-	1	5	-	-	-	-	1	5	-	-	-	-
2015	강동구	제조업	1,631	411	6,537	3,373	3,164	1,435	4,253	192	2,235	4	49	-	-	1,595	5,494	24	526	12	517
2015	강동구	전기 가스 증기 및 수도사업	4	-	338	259	79	-	-	1	4	3	334	-	-	2	243	-	-	2	95
2015	강동구	하수폐기물처리 원료재생 및 환경복원업	16	3	268	216	52	2	13	12	249	2	6	-	-	15	212	1	56	-	-
2015	강동구	건설업	1,065	141	17,961	15,414	2,547	633	1,680	430	16,270	2	11	-	-	1,036	9,480	16	8,309	13	172
2015	강동구	도매 및 소매업	7,282	3,060	26,082	13,846	12,236	6,113	13,632	1,139	12,298	27	147	3	5	6,852	18,428	95	3,302	335	4,352
2015	강동구	운수업	5,601	218	10,099	9,577	522	5,513	5,867	58	3,681	30	551	-	-	5,557	8,949	4	493	40	657
2015	강동구	숙박 및 음식점업	4,736	2,710	15,188	5,860	9,328	4,551	12,737	176	2,416	5	19	4	16	4,589	13,082	11	93	136	2,013
2015	강동구	출판 영상 방송통신 및 정보서비스업	244	41	2,579	1,746	833	104	232	131	1,933	9	414	-	-	222	1,306	9	912	13	361
2015	강동구	금융 및 보험업	292	53	4,887	1,720	3,167	33	118	210	4,047	49	722	-	-	64	303	9	431	219	4,153
2015	강동구	부동산업 및 임대업	1,561	538	4,725	3,155	1,570	1,186	2,128	173	1,057	12	50	190	1,490	1,499	4,151	7	76	55	498
2015	강동구	전문 과학 및 기술 서비스업	613	90	5,797	4,221	1,576	352	1,016	229	4,582	31	190	1	9	533	2,361	30	2,704	50	732
2015	강동구	사업시설관리 및 사업지원 서비스업	377	113	9,992	5,640	4,352	176	750	193	8,813	6	336	2	93	321	5,391	26	3,730	30	871
2015	강동구	공공행정 국방 및 사회보장 행정	47	3	2,781	1,842	939	-	-	-	-	47	2,781	-	-	45	2,770	1	2	1	9
2015	강동구	교육 서비스업	1,466	794	10,736	3,364	7,372	1,258	3,669	103	1,775	90	5,179	15	113	1,378	7,953	15	681	73	2,102
2015	강동구	보건업 및 사회복지 서비스업	1,143	450	14,426	3,494	10,932	1,012	7,504	5	79	71	5,926	55	917	1,081	9,956	5	169	57	4,301
2015	강동구	예술 스포츠 및 여가관련 서비스업	849	390	2,660	1,445	1,215	795	1,871	26	252	25	529	3	8	823	2,218	4	33	22	409
2015	강동구	협회 및 단체 수리 및 기타 개인서비스업	3,148	1,592	7,965	3,567	4,398	2,476	4,393	64	1,491	77	628	531	1,453	3,067	6,599	8	714	73	652