기간	자치구	구분	합계	합계	합계	합계	합계	조직형태별	조직형태별	조직형태별	조직형태별	조직형태별	조직형태별	조직형태별	조직형태별	사업체구분별	사업체구분별	사업체구분별	사업체구분별	사업체구분별	사업체구분별
기간	자치구	구분	합계	합계	합계	합계	합계	개인	개인	회사법인	회사법인	회사이외의 법인	회사이외의 법인	비법인단체	비법인단체	단독	단독	본사본점 등	본사본점 등	공장지사(점)영업소	공장지사(점)영업소
기간	자치구	구분	사업체수	사업체수	종사자수	종사자수	종사자수	사업체수	종사자수	사업체수	종사자수	사업체수	종사자수	사업체수	종사자수	사업체수	종사자수	사업체수	종사자수	사업체수	종사자수
기간	자치구	구분	사업체수	여성대표자	계	남	여	사업체수	종사자수	사업체수	종사자수	사업체수	종사자수	사업체수	종사자수	사업체수	종사자수	사업체수	종사자수	사업체수	종사자수
2016	서울시	합계	820,156	274,620	5,079,451	2,847,402	2,232,049	631,779	1,573,964	149,198	2,707,718	19,078	682,454	20,101	115,315	765,609	3,253,718	15,493	1,072,058	39,054	753,675
2016	서울시	농업 임업 및 어업	24	6	463	386	77	-	-	16	240	8	223	-	-	18	149	4	310	2	4
2016	서울시	광업	18	2	54	48	6	-	-	18	54	-	-	-	-	16	44	2	10	-	-
2016	서울시	제조업	61,140	13,783	279,103	162,001	117,102	51,481	157,043	9,524	120,060	118	1,834	17	166	59,355	229,277	1,071	38,980	714	10,846
2016	서울시	전기 가스 증기 및 수도사업	137	5	7,617	5,973	1,644	8	16	69	2,860	59	4,736	1	5	71	2,173	14	2,096	52	3,348
2016	서울시	하수폐기물처리 원료재생 및 환경복원업	439	56	6,597	5,727	870	65	207	300	5,957	74	433	-	-	386	5,497	24	707	29	393
2016	서울시	건설업	22,260	3,130	365,074	316,057	49,017	11,606	31,833	10,629	332,486	21	746	4	9	21,123	248,313	659	101,200	478	15,561
2016	서울시	도매 및 소매업	230,834	84,738	891,454	496,701	394,753	177,492	374,808	52,613	510,135	630	5,300	99	1,211	213,151	587,617	5,080	167,918	12,603	135,919
2016	서울시	운수업	94,842	4,523	276,926	230,657	46,269	89,106	100,518	4,850	156,377	807	19,485	79	546	92,849	186,811	692	58,837	1,301	31,278
2016	서울시	숙박 및 음식점업	128,141	69,831	470,357	190,938	279,419	118,840	351,476	8,973	115,696	241	2,760	87	425	121,166	379,283	600	11,577	6,375	79,497
2016	서울시	출판 영상 방송통신 및 정보서비스업	23,356	3,655	344,155	237,323	106,832	7,026	19,701	15,806	306,320	466	17,728	58	406	21,834	221,206	747	94,097	775	28,852
2016	서울시	금융 및 보험업	10,955	1,565	269,712	139,246	130,466	1,540	3,468	7,915	231,078	1,445	34,920	55	246	4,567	41,850	612	104,605	5,776	123,257
2016	서울시	부동산업 및 임대업	40,946	13,129	177,672	114,904	62,768	28,686	54,649	7,769	85,793	509	5,397	3,982	31,833	38,737	129,189	691	30,342	1,518	18,141
2016	서울시	전문 과학 및 기술 서비스업	39,104	6,311	435,086	279,670	155,416	20,027	68,415	15,523	299,927	3,336	65,762	218	982	34,052	224,777	2,606	151,954	2,446	58,355
2016	서울시	사업시설관리 및 사업지원 서비스업	13,375	3,543	460,776	227,721	233,055	5,025	17,131	7,810	432,306	287	8,744	253	2,595	11,260	207,331	929	200,297	1,186	53,148
2016	서울시	공공행정 국방 및 사회보장 행정	1,293	103	136,043	88,852	47,191	-	-	-	-	1,292	136,034	1	9	1,261	132,626	7	2,278	25	1,139
2016	서울시	교육 서비스업	34,065	18,203	333,486	130,260	203,226	26,403	74,675	3,962	56,141	2,860	195,355	840	7,315	31,099	194,340	620	57,243	2,346	81,903
2016	서울시	보건업 및 사회복지 서비스업	27,267	10,840	332,028	72,842	259,186	23,197	170,789	194	2,968	1,974	130,894	1,902	27,377	25,873	225,264	276	27,679	1,118	79,085
2016	서울시	예술 스포츠 및 여가관련 서비스업	21,653	8,802	84,990	46,216	38,774	19,112	45,011	1,310	16,583	729	20,647	502	2,749	20,828	65,207	161	4,995	664	14,788
2016	서울시	협회 및 단체 수리 및 기타 개인서비스업	70,307	32,395	207,858	101,880	105,978	52,165	104,224	1,917	32,737	4,222	31,456	12,003	39,441	67,963	172,764	698	16,933	1,646	18,161
2016	종로구	합계	40,664	13,420	268,309	154,334	113,975	32,175	77,452	6,309	138,426	1,313	48,299	867	4,132	37,981	146,126	827	83,884	1,856	38,299
2016	종로구	농업 임업 및 어업	2	1	36	32	4	-	-	1	18	1	18	-	-	1	18	1	18	-	-
2016	종로구	광업	1	-	5	4	1	-	-	1	5	-	-	-	-	-	-	1	5	-	-
2016	종로구	제조업	4,364	1,129	12,708	7,502	5,206	4,102	10,403	256	2,285	5	18	1	2	4,297	11,742	38	777	29	189
2016	종로구	전기 가스 증기 및 수도사업	6	-	384	298	86	-	-	6	384	-	-	-	-	3	9	2	362	1	13
2016	종로구	하수폐기물처리 원료재생 및 환경복원업	7	3	135	126	9	1	2	6	133	-	-	-	-	6	132	-	-	1	3
2016	종로구	건설업	354	41	29,630	26,605	3,025	197	443	157	29,187	-	-	-	-	326	2,064	18	25,449	10	2,117
2016	종로구	도매 및 소매업	17,310	5,770	45,461	26,521	18,940	15,083	26,816	2,178	18,354	42	226	7	65	16,501	34,008	256	5,567	553	5,886
2016	종로구	운수업	1,384	101	6,835	5,088	1,747	1,005	1,556	354	4,852	22	418	3	9	1,295	4,589	42	1,525	47	721
2016	종로구	숙박 및 음식점업	6,620	3,514	26,773	10,894	15,879	5,976	19,079	616	7,482	24	197	4	15	6,134	20,805	41	404	445	5,564
2016	종로구	출판 영상 방송통신 및 정보서비스업	879	179	16,898	11,344	5,554	409	1,075	408	14,888	42	825	20	110	816	8,110	30	3,790	33	4,998
2016	종로구	금융 및 보험업	567	88	20,406	10,766	9,640	93	150	411	19,209	63	1,047	-	-	267	3,381	46	10,703	254	6,322
2016	종로구	부동산업 및 임대업	1,377	330	8,260	5,534	2,726	928	1,927	326	5,344	39	287	84	702	1,279	4,540	34	2,558	64	1,162
2016	종로구	전문 과학 및 기술 서비스업	1,489	306	21,603	12,640	8,963	799	5,786	506	12,959	155	2,801	29	57	1,298	11,577	100	8,136	91	1,890
2016	종로구	사업시설관리 및 사업지원 서비스업	1,119	307	20,542	8,247	12,295	333	712	742	19,495	25	214	19	121	980	7,436	68	9,463	71	3,643
2016	종로구	공공행정 국방 및 사회보장 행정	92	10	16,396	10,962	5,434	-	-	-	-	92	16,396	-	-	90	16,369	-	-	2	27
2016	종로구	교육 서비스업	880	370	13,130	6,302	6,828	508	1,711	174	1,956	147	9,203	51	260	759	6,239	36	3,487	85	3,404
2016	종로구	보건업 및 사회복지 서비스업	699	240	14,278	3,692	10,586	556	3,297	7	70	94	10,417	42	494	636	4,426	19	9,085	44	767
2016	종로구	예술 스포츠 및 여가관련 서비스업	927	285	6,332	3,209	3,123	665	1,747	128	1,360	105	3,141	29	84	856	4,301	25	1,189	46	842
2016	종로구	협회 및 단체 수리 및 기타 개인서비스업	2,587	746	8,497	4,568	3,929	1,520	2,748	32	445	457	3,091	578	2,213	2,437	6,380	70	1,366	80	751
2016	중구	합계	63,640	23,442	402,892	221,757	181,135	52,042	118,422	9,815	230,410	1,140	50,866	643	3,194	59,206	218,852	1,236	122,994	3,198	61,046
2016	중구	광업	2	-	4	2	2	-	-	2	4	-	-	-	-	2	4	-	-	-	-
2016	중구	제조업	9,799	1,964	29,206	18,968	10,238	8,994	23,172	785	5,872	19	156	1	6	9,662	27,564	68	1,219	69	423
2016	중구	전기 가스 증기 및 수도사업	6	-	998	727	271	-	-	2	221	4	777	-	-	1	151	2	221	3	626
2016	중구	하수폐기물처리 원료재생 및 환경복원업	8	-	132	114	18	-	-	8	132	-	-	-	-	7	130	-	-	1	2
2016	중구	건설업	430	45	7,041	5,836	1,205	239	645	190	6,326	1	70	-	-	388	2,695	22	1,564	20	2,782
2016	중구	도매 및 소매업	33,395	15,206	95,682	46,562	49,120	29,877	55,732	3,482	39,810	32	132	4	8	31,803	66,726	386	16,882	1,206	12,074
2016	중구	운수업	1,544	157	15,777	10,627	5,150	845	1,749	651	13,243	44	763	4	22	1,306	6,140	125	6,882	113	2,755
2016	중구	숙박 및 음식점업	6,083	3,091	32,536	13,604	18,932	5,302	18,105	755	13,882	22	512	4	37	5,477	21,615	53	3,965	553	6,956
2016	중구	출판 영상 방송통신 및 정보서비스업	1,006	176	28,301	19,488	8,813	396	973	573	26,390	31	870	6	68	893	10,680	60	15,742	53	1,879
2016	중구	금융 및 보험업	1,298	197	56,499	30,973	25,526	268	518	909	48,280	113	7,582	8	119	644	9,208	90	33,048	564	14,243
2016	중구	부동산업 및 임대업	1,743	383	10,370	7,143	3,227	1,049	2,310	568	7,106	39	335	87	619	1,560	6,014	65	2,623	118	1,733
2016	중구	전문 과학 및 기술 서비스업	2,780	484	38,862	23,555	15,307	1,814	5,654	783	29,727	167	3,450	16	31	2,473	13,806	180	20,911	127	4,145
2016	중구	사업시설관리 및 사업지원 서비스업	1,397	326	37,639	18,550	19,089	486	1,263	865	35,917	28	394	18	65	1,180	17,109	90	13,253	127	7,277
2016	중구	공공행정 국방 및 사회보장 행정	67	6	19,383	12,625	6,758	-	-	-	-	67	19,383	-	-	65	18,790	1	455	1	138
2016	중구	교육 서비스업	481	233	8,849	3,866	4,983	260	646	96	1,370	98	6,648	27	185	388	3,536	21	2,938	72	2,375
2016	중구	보건업 및 사회복지 서비스업	710	216	8,769	2,381	6,388	583	3,603	6	70	72	4,660	49	436	659	5,472	14	1,499	37	1,798
2016	중구	예술 스포츠 및 여가관련 서비스업	574	190	3,918	2,064	1,854	450	1,029	67	1,256	45	1,577	12	56	522	2,823	9	73	43	1,022
2016	중구	협회 및 단체 수리 및 기타 개인서비스업	2,317	768	8,926	4,672	4,254	1,479	3,023	73	804	358	3,557	407	1,542	2,176	6,389	50	1,719	91	818
2016	용산구	합계	20,994	6,995	129,033	72,259	56,774	15,394	37,153	4,558	67,125	601	21,171	441	3,584	19,216	78,875	521	27,874	1,257	22,284
2016	용산구	제조업	1,071	255	3,439	1,958	1,481	955	2,574	114	816	2	49	-	-	1,045	3,065	16	235	10	139
2016	용산구	전기 가스 증기 및 수도사업	2	-	3	2	1	1	1	1	2	-	-	-	-	1	1	1	2	-	-
2016	용산구	하수폐기물처리 원료재생 및 환경복원업	12	1	157	132	25	4	15	7	140	1	2	-	-	11	124	-	-	1	33
2016	용산구	건설업	444	66	7,298	6,269	1,029	240	573	200	6,217	4	508	-	-	409	3,214	18	3,067	17	1,017
2016	용산구	도매 및 소매업	7,546	2,275	28,940	18,669	10,271	5,238	9,915	2,284	18,825	20	195	4	5	6,952	19,761	196	4,998	398	4,181
2016	용산구	운수업	1,350	92	4,103	2,917	1,186	1,229	1,484	93	1,549	27	1,036	1	34	1,292	2,181	15	536	43	1,386
2016	용산구	숙박 및 음식점업	4,322	2,186	17,805	8,161	9,644	3,823	11,682	489	6,066	7	48	3	9	3,976	13,869	60	701	286	3,235
2016	용산구	출판 영상 방송통신 및 정보서비스업	569	108	7,225	4,505	2,720	216	583	332	5,802	20	827	1	13	525	4,492	18	1,076	26	1,657
2016	용산구	금융 및 보험업	294	29	5,683	2,390	3,293	39	69	208	4,913	45	699	2	2	82	469	20	1,587	192	3,627
2016	용산구	부동산업 및 임대업	1,100	374	5,155	3,441	1,714	813	1,367	163	2,439	12	106	112	1,243	1,046	3,284	19	1,430	35	441
2016	용산구	전문 과학 및 기술 서비스업	764	157	13,040	7,607	5,433	393	1,077	311	8,530	55	3,426	5	7	670	5,323	58	7,263	36	454
2016	용산구	사업시설관리 및 사업지원 서비스업	321	87	11,007	4,942	6,065	121	1,073	188	9,723	7	120	5	91	258	5,422	26	3,668	37	1,917
2016	용산구	공공행정 국방 및 사회보장 행정	47	4	3,261	2,142	1,119	-	-	-	-	47	3,261	-	-	46	3,237	-	-	1	24
2016	용산구	교육 서비스업	539	321	7,581	2,469	5,112	356	1,048	70	750	96	5,579	17	204	460	4,024	18	2,279	61	1,278
2016	용산구	보건업 및 사회복지 서비스업	537	217	6,195	2,094	4,101	426	2,524	3	78	65	2,990	43	603	497	4,005	10	133	30	2,057
2016	용산구	예술 스포츠 및 여가관련 서비스업	388	131	2,257	1,214	1,043	324	773	25	321	24	1,092	15	71	372	1,863	4	154	12	240
2016	용산구	협회 및 단체 수리 및 기타 개인서비스업	1,688	692	5,884	3,347	2,537	1,216	2,395	70	954	169	1,233	233	1,302	1,574	4,541	42	745	72	598
2016	성동구	합계	26,581	7,838	165,047	96,924	68,123	19,697	50,935	5,757	87,069	540	23,314	587	3,729	24,848	109,093	585	31,015	1,148	24,939
2016	성동구	제조업	4,622	870	27,879	17,791	10,088	3,592	13,333	1,022	14,497	7	45	1	4	4,380	21,911	153	4,547	89	1,421
2016	성동구	전기 가스 증기 및 수도사업	8	-	654	550	104	1	4	3	285	4	365	-	-	4	291	1	277	3	86
2016	성동구	하수폐기물처리 원료재생 및 환경복원업	28	5	388	337	51	1	1	17	242	10	145	-	-	24	351	1	13	3	24
2016	성동구	건설업	657	95	6,053	4,931	1,122	330	1,002	326	5,045	1	6	-	-	617	5,201	20	397	20	455
2016	성동구	도매 및 소매업	7,112	2,111	32,094	19,501	12,593	4,853	10,718	2,240	21,147	16	222	3	7	6,566	21,141	196	7,264	350	3,689
2016	성동구	운수업	2,708	118	8,310	7,261	1,049	2,554	3,061	114	3,278	37	1,957	3	14	2,644	5,659	19	868	45	1,783
2016	성동구	숙박 및 음식점업	3,592	1,991	11,073	4,354	6,719	3,405	9,287	180	1,746	5	29	2	11	3,453	9,724	11	103	128	1,246
2016	성동구	출판 영상 방송통신 및 정보서비스업	731	91	8,508	6,201	2,307	163	448	554	7,830	14	230	-	-	684	7,304	20	615	27	589
2016	성동구	금융 및 보험업	276	39	3,950	1,595	2,355	63	136	167	3,367	46	447	-	-	123	589	11	529	142	2,832
2016	성동구	부동산업 및 임대업	1,288	427	6,306	4,097	2,209	888	1,578	220	3,335	18	102	162	1,291	1,216	4,261	22	1,457	50	588
2016	성동구	전문 과학 및 기술 서비스업	1,095	170	10,395	6,755	3,640	520	1,677	500	7,487	67	1,205	8	26	941	6,361	70	3,048	84	986
2016	성동구	사업시설관리 및 사업지원 서비스업	295	75	17,119	8,184	8,935	122	520	155	14,624	11	1,820	7	155	238	4,878	25	11,040	32	1,201
2016	성동구	공공행정 국방 및 사회보장 행정	46	2	4,033	2,858	1,175	-	-	-	-	46	4,033	-	-	46	4,033	-	-	-	-
2016	성동구	교육 서비스업	810	451	10,837	4,488	6,349	606	1,529	68	1,037	93	7,857	43	414	751	5,081	6	206	53	5,550
2016	성동구	보건업 및 사회복지 서비스업	673	297	7,383	1,654	5,729	560	3,601	3	49	37	2,944	73	789	651	4,845	2	25	20	2,513
2016	성동구	예술 스포츠 및 여가관련 서비스업	556	216	2,305	1,403	902	503	1,080	25	207	18	976	10	42	534	1,813	4	112	18	380
2016	성동구	협회 및 단체 수리 및 기타 개인서비스업	2,084	880	7,760	4,964	2,796	1,536	2,960	163	2,893	110	931	275	976	1,976	5,650	24	514	84	1,596
2016	광진구	합계	24,895	8,894	126,937	71,400	55,537	20,432	50,857	3,351	51,273	473	21,448	639	3,359	23,517	90,814	285	14,476	1,093	21,647
2016	광진구	제조업	1,881	485	7,994	4,262	3,732	1,617	5,284	260	2,533	4	177	-	-	1,843	6,867	25	892	13	235
2016	광진구	전기 가스 증기 및 수도사업	3	-	88	78	10	1	4	-	-	2	84	-	-	2	87	-	-	1	1
2016	광진구	하수폐기물처리 원료재생 및 환경복원업	13	-	129	115	14	-	-	9	121	4	8	-	-	12	107	-	-	1	22
2016	광진구	건설업	794	103	12,979	11,816	1,163	458	1,157	335	11,821	1	1	-	-	758	11,717	16	775	20	487
2016	광진구	도매 및 소매업	6,215	2,191	19,606	10,743	8,863	4,930	10,663	1,267	8,841	14	92	4	10	5,708	14,952	106	1,635	401	3,019
2016	광진구	운수업	2,534	112	6,290	5,871	419	2,431	2,846	78	2,722	24	715	1	7	2,474	4,520	9	386	51	1,384
2016	광진구	숙박 및 음식점업	4,706	2,554	16,607	7,134	9,473	4,461	12,995	233	3,550	11	57	1	5	4,529	13,562	6	60	171	2,985
2016	광진구	출판 영상 방송통신 및 정보서비스업	415	74	4,136	2,580	1,556	158	413	247	2,743	10	980	-	-	387	3,177	7	367	21	592
2016	광진구	금융 및 보험업	202	34	4,059	2,113	1,946	30	75	134	3,461	38	523	-	-	76	338	11	473	115	3,248
2016	광진구	부동산업 및 임대업	1,274	461	3,930	2,558	1,372	975	1,685	173	1,136	12	105	114	1,004	1,223	3,258	16	279	35	393
2016	광진구	전문 과학 및 기술 서비스업	798	120	5,045	3,387	1,658	493	1,421	257	2,607	47	1,011	1	6	716	3,354	31	825	51	866
2016	광진구	사업시설관리 및 사업지원 서비스업	373	109	9,457	5,529	3,928	182	480	183	8,775	5	161	3	41	321	5,034	20	3,436	32	987
2016	광진구	공공행정 국방 및 사회보장 행정	38	3	3,078	2,020	1,058	-	-	-	-	38	3,078	-	-	37	3,070	-	-	1	8
2016	광진구	교육 서비스업	1,136	598	13,848	6,248	7,600	896	2,361	101	1,104	106	10,113	33	270	1,034	5,776	20	4,948	82	3,124
2016	광진구	보건업 및 사회복지 서비스업	872	342	9,646	2,045	7,601	757	5,393	5	141	43	3,397	67	715	842	6,833	2	40	28	2,773
2016	광진구	예술 스포츠 및 여가관련 서비스업	971	432	3,691	2,078	1,613	910	2,022	28	1,109	23	499	10	61	950	2,317	3	175	18	1,199
2016	광진구	협회 및 단체 수리 및 기타 개인서비스업	2,670	1,276	6,354	2,823	3,531	2,133	4,058	41	609	91	447	405	1,240	2,605	5,845	13	185	52	324
2016	동대문구	합계	32,762	10,750	144,172	77,453	66,719	28,040	65,119	3,450	46,235	561	28,411	711	4,407	31,428	102,793	331	15,974	1,003	25,405
2016	동대문구	광업	1	-	3	3	-	-	-	1	3	-	-	-	-	1	3	-	-	-	-
2016	동대문구	제조업	3,517	840	13,465	7,253	6,212	3,095	9,721	415	3,694	6	48	1	2	3,444	12,193	44	1,055	29	217
2016	동대문구	전기 가스 증기 및 수도사업	1	-	3	2	1	-	-	1	3	-	-	-	-	1	3	-	-	-	-
2016	동대문구	하수폐기물처리 원료재생 및 환경복원업	17	-	140	124	16	3	3	7	118	7	19	-	-	16	138	-	-	1	2
2016	동대문구	건설업	766	107	6,567	5,518	1,049	492	1,338	273	5,124	1	105	-	-	750	6,069	11	313	5	185
2016	동대문구	도매 및 소매업	11,458	3,674	32,341	19,180	13,161	9,799	19,286	1,633	12,872	25	182	1	1	11,006	26,448	135	2,214	317	3,679
2016	동대문구	운수업	3,644	166	7,147	6,542	605	3,541	4,198	73	1,532	23	1,325	7	92	3,608	5,583	4	77	32	1,487
2016	동대문구	숙박 및 음식점업	5,016	2,940	14,280	5,380	8,900	4,854	12,609	154	1,592	6	56	2	23	4,882	12,831	13	159	121	1,290
2016	동대문구	출판 영상 방송통신 및 정보서비스업	281	51	2,280	1,193	1,087	165	382	97	1,457	17	426	2	15	264	1,550	4	82	13	648
2016	동대문구	금융 및 보험업	303	43	5,099	1,468	3,631	39	117	202	4,368	62	614	-	-	81	483	15	248	207	4,368
2016	동대문구	부동산업 및 임대업	1,375	403	4,709	3,117	1,592	1,073	1,969	162	1,625	18	100	122	1,015	1,318	4,015	18	438	39	256
2016	동대문구	전문 과학 및 기술 서비스업	623	96	7,384	5,150	2,234	401	1,191	155	4,065	53	2,065	14	63	548	3,241	38	3,195	37	948
2016	동대문구	사업시설관리 및 사업지원 서비스업	364	103	9,157	4,434	4,723	179	430	166	8,100	11	604	8	23	304	3,619	20	4,638	40	900
2016	동대문구	공공행정 국방 및 사회보장 행정	53	3	4,172	2,731	1,441	-	-	-	-	53	4,172	-	-	53	4,172	-	-	-	-
2016	동대문구	교육 서비스업	959	515	15,544	7,289	8,255	755	2,202	47	973	119	11,915	38	454	878	6,816	12	3,028	69	5,700
2016	동대문구	보건업 및 사회복지 서비스업	956	364	13,364	3,663	9,701	835	6,591	4	15	40	5,666	77	1,092	926	8,272	4	215	26	4,877
2016	동대문구	예술 스포츠 및 여가관련 서비스업	736	301	2,376	1,237	1,139	690	1,527	18	170	14	598	14	81	719	1,771	4	242	13	363
2016	동대문구	협회 및 단체 수리 및 기타 개인서비스업	2,692	1,144	6,141	3,169	2,972	2,119	3,555	42	524	106	516	425	1,546	2,629	5,586	9	70	54	485
2016	중랑구	합계	27,915	9,280	101,190	52,762	48,428	24,964	58,286	1,791	25,328	395	14,710	765	2,866	27,048	83,072	138	6,377	729	11,741
2016	중랑구	광업	1	1	3	2	1	-	-	1	3	-	-	-	-	1	3	-	-	-	-
2016	중랑구	제조업	3,491	1,017	15,481	6,372	9,109	3,276	13,307	208	2,069	7	105	-	-	3,456	14,990	15	257	20	234
2016	중랑구	전기 가스 증기 및 수도사업	4	-	113	81	32	-	-	3	35	1	78	-	-	3	35	-	-	1	78
2016	중랑구	하수폐기물처리 원료재생 및 환경복원업	21	2	217	194	23	7	16	10	193	4	8	-	-	20	203	-	-	1	14
2016	중랑구	건설업	926	121	5,332	4,513	819	677	1,771	249	3,561	-	-	-	-	909	4,713	11	546	6	73
2016	중랑구	도매 및 소매업	5,504	2,109	15,924	8,499	7,425	4,812	10,161	679	5,346	11	414	2	3	5,197	12,333	43	801	264	2,790
2016	중랑구	운수업	6,368	278	13,297	12,563	734	6,264	6,764	86	5,868	18	665	-	-	6,326	11,579	6	642	36	1,076
2016	중랑구	숙박 및 음식점업	4,156	2,526	10,697	3,946	6,751	4,070	9,587	80	1,082	5	26	1	2	4,085	9,687	5	31	66	979
2016	중랑구	출판 영상 방송통신 및 정보서비스업	143	27	1,191	727	464	74	216	62	770	7	205	-	-	126	686	2	93	15	412
2016	중랑구	금융 및 보험업	138	18	1,697	728	969	29	88	63	1,056	46	553	-	-	49	233	10	138	79	1,326
2016	중랑구	부동산업 및 임대업	1,092	370	3,187	2,026	1,161	859	1,432	99	1,000	14	88	120	667	1,039	2,395	9	437	44	355
2016	중랑구	전문 과학 및 기술 서비스업	322	58	1,627	1,053	574	233	710	68	784	18	125	3	8	292	972	11	476	19	179
2016	중랑구	사업시설관리 및 사업지원 서비스업	250	61	2,640	1,516	1,124	143	416	88	2,040	8	99	11	85	218	1,990	7	349	25	301
2016	중랑구	공공행정 국방 및 사회보장 행정	44	4	3,362	2,416	946	-	-	-	-	44	3,362	-	-	44	3,362	-	-	-	-
2016	중랑구	교육 서비스업	911	556	7,857	2,317	5,540	763	2,133	51	1,006	69	4,455	28	263	859	5,432	8	950	44	1,475
2016	중랑구	보건업 및 사회복지 서비스업	927	408	10,354	2,073	8,281	818	6,174	1	9	58	3,733	50	438	881	7,119	8	1,646	38	1,589
2016	중랑구	예술 스포츠 및 여가관련 서비스업	861	360	2,371	1,237	1,134	779	1,574	11	105	23	490	48	202	841	1,843	-	-	20	528
2016	중랑구	협회 및 단체 수리 및 기타 개인서비스업	2,756	1,364	5,840	2,499	3,341	2,160	3,937	32	401	62	304	502	1,198	2,702	5,497	3	11	51	332
2016	성북구	합계	24,560	8,994	111,442	56,087	55,355	21,368	52,151	1,790	25,724	646	29,522	756	4,045	23,526	80,127	191	13,338	843	17,977
2016	성북구	제조업	2,509	660	9,462	4,363	5,099	2,389	8,163	118	1,294	2	5	-	-	2,491	9,100	13	305	5	57
2016	성북구	전기 가스 증기 및 수도사업	4	-	52	47	5	1	1	3	51	-	-	-	-	3	4	-	-	1	48
2016	성북구	하수폐기물처리 원료재생 및 환경복원업	14	3	176	155	21	3	9	10	165	1	2	-	-	14	176	-	-	-	-
2016	성북구	건설업	573	72	4,329	3,715	614	399	1,041	173	3,264	1	24	-	-	558	3,906	7	310	8	113
2016	성북구	도매 및 소매업	5,278	2,133	16,499	8,329	8,170	4,618	10,542	649	5,903	11	54	-	-	4,983	13,218	56	1,037	239	2,244
2016	성북구	운수업	3,563	145	6,834	6,433	401	3,509	3,762	42	2,913	11	158	1	1	3,544	5,944	5	715	14	175
2016	성북구	숙박 및 음식점업	4,459	2,517	13,320	5,186	8,134	4,269	11,338	181	1,906	7	70	2	6	4,317	11,748	12	134	130	1,438
2016	성북구	출판 영상 방송통신 및 정보서비스업	253	48	1,844	1,190	654	131	353	105	1,012	16	475	1	4	234	1,388	3	42	16	414
2016	성북구	금융 및 보험업	154	22	1,583	696	887	23	70	78	1,047	53	466	-	-	46	201	10	92	98	1,290
2016	성북구	부동산업 및 임대업	1,138	435	3,114	1,903	1,211	911	1,444	76	583	29	164	122	923	1,104	2,708	5	11	29	395
2016	성북구	전문 과학 및 기술 서비스업	453	76	3,325	2,153	1,172	273	727	138	1,431	33	1,138	9	29	409	1,666	15	1,274	29	385
2016	성북구	사업시설관리 및 사업지원 서비스업	216	58	5,511	2,710	2,801	127	523	79	4,577	8	399	2	12	192	2,358	12	2,606	12	547
2016	성북구	공공행정 국방 및 사회보장 행정	54	5	4,102	2,748	1,354	-	-	-	-	54	4,102	-	-	53	4,100	-	-	1	2
2016	성북구	교육 서비스업	1,337	769	20,637	9,663	10,974	1,061	2,833	77	791	178	16,868	21	145	1,190	7,627	19	6,320	128	6,690
2016	성북구	보건업 및 사회복지 서비스업	1,025	455	11,620	2,385	9,235	820	5,881	9	203	115	4,552	81	984	957	8,011	11	201	57	3,408
2016	성북구	예술 스포츠 및 여가관련 서비스업	708	265	2,230	1,232	998	645	1,564	22	161	27	454	14	51	678	1,796	2	14	28	420
2016	성북구	협회 및 단체 수리 및 기타 개인서비스업	2,822	1,331	6,804	3,179	3,625	2,189	3,900	30	423	100	591	503	1,890	2,753	6,176	21	277	48	351
2016	강북구	합계	18,742	6,857	69,768	33,306	36,462	16,616	39,090	1,127	16,789	346	10,199	653	3,690	17,990	56,588	90	2,184	662	10,996
2016	강북구	제조업	1,534	390	6,192	2,687	3,505	1,463	5,382	69	748	2	62	-	-	1,516	5,901	10	191	8	100
2016	강북구	전기 가스 증기 및 수도사업	2	-	239	189	50	-	-	-	-	2	239	-	-	1	162	-	-	1	77
2016	강북구	하수폐기물처리 원료재생 및 환경복원업	7	1	162	149	13	-	-	7	162	-	-	-	-	7	162	-	-	-	-
2016	강북구	건설업	496	58	2,065	1,728	337	371	775	125	1,290	-	-	-	-	484	1,899	5	30	7	136
2016	강북구	도매 및 소매업	3,897	1,627	10,639	5,377	5,262	3,479	7,478	396	3,086	13	47	9	28	3,678	8,686	28	316	191	1,637
2016	강북구	운수업	3,082	117	6,375	6,098	277	3,029	3,333	30	2,853	14	160	9	29	3,060	5,291	5	720	17	364
2016	강북구	숙박 및 음식점업	3,666	2,134	10,361	4,234	6,127	3,582	9,165	73	1,135	8	54	3	7	3,601	9,372	-	-	65	989
2016	강북구	출판 영상 방송통신 및 정보서비스업	99	17	646	351	295	53	141	36	351	10	154	-	-	88	372	4	111	7	163
2016	강북구	금융 및 보험업	251	56	4,107	1,109	2,998	57	184	164	3,575	30	348	-	-	78	425	4	106	169	3,576
2016	강북구	부동산업 및 임대업	815	310	1,901	1,126	775	680	1,075	60	426	7	31	68	369	787	1,653	4	22	24	226
2016	강북구	전문 과학 및 기술 서비스업	279	37	1,102	605	497	217	722	40	235	22	145	-	-	251	874	6	55	22	173
2016	강북구	사업시설관리 및 사업지원 서비스업	172	56	2,754	1,205	1,549	105	339	54	1,983	4	43	9	389	150	1,896	6	187	16	671
2016	강북구	공공행정 국방 및 사회보장 행정	44	2	2,731	1,850	881	-	-	-	-	43	2,722	1	9	43	2,727	-	-	1	4
2016	강북구	교육 서비스업	685	392	5,676	1,768	3,908	568	1,376	32	501	62	3,667	23	132	636	3,695	6	308	43	1,673
2016	강북구	보건업 및 사회복지 서비스업	760	277	7,664	1,548	6,116	601	4,714	1	4	59	1,565	99	1,381	718	7,061	4	56	38	547
2016	강북구	예술 스포츠 및 여가관련 서비스업	696	310	1,919	1,036	883	651	1,296	14	75	21	475	10	73	673	1,474	1	7	22	438
2016	강북구	협회 및 단체 수리 및 기타 개인서비스업	2,257	1,073	5,235	2,246	2,989	1,760	3,110	26	365	49	487	422	1,273	2,219	4,938	7	75	31	222
2016	도봉구	합계	18,686	6,264	70,166	36,585	33,581	16,558	36,364	1,090	17,829	297	11,754	741	4,219	18,072	59,442	76	1,864	538	8,860
2016	도봉구	농업 임업 및 어업	1	-	3	1	2	-	-	1	3	-	-	-	-	1	3	-	-	-	-
2016	도봉구	광업	1	1	6	5	1	-	-	1	6	-	-	-	-	1	6	-	-	-	-
2016	도봉구	제조업	1,063	280	4,254	1,944	2,310	991	3,489	68	729	4	36	-	-	1,056	4,164	3	58	4	32
2016	도봉구	하수폐기물처리 원료재생 및 환경복원업	9	2	111	88	23	1	4	8	107	-	-	-	-	8	107	-	-	1	4
2016	도봉구	건설업	493	88	2,863	2,273	590	374	1,058	118	1,802	1	3	-	-	482	2,728	6	93	5	42
2016	도봉구	도매 및 소매업	3,615	1,451	11,017	5,663	5,354	3,180	7,067	415	3,763	18	179	2	8	3,398	8,325	19	268	198	2,424
2016	도봉구	운수업	4,888	147	9,894	9,445	449	4,827	5,023	50	4,771	11	100	-	-	4,868	9,257	2	286	18	351
2016	도봉구	숙박 및 음식점업	2,735	1,654	7,488	2,693	4,795	2,659	6,603	67	772	9	113	-	-	2,679	6,868	6	47	50	573
2016	도봉구	출판 영상 방송통신 및 정보서비스업	80	15	596	416	180	50	128	24	142	6	326	-	-	77	542	-	-	3	54
2016	도봉구	금융 및 보험업	137	20	1,423	594	829	52	234	62	859	23	330	-	-	65	306	3	93	69	1,024
2016	도봉구	부동산업 및 임대업	813	330	2,871	1,892	979	603	963	61	815	4	32	145	1,061	778	2,302	2	299	33	270
2016	도봉구	전문 과학 및 기술 서비스업	323	40	1,778	1,110	668	260	928	43	677	19	172	1	1	295	1,150	10	385	18	243
2016	도봉구	사업시설관리 및 사업지원 서비스업	142	50	1,990	1,152	838	70	274	65	1,682	4	26	3	8	118	1,392	7	179	17	419
2016	도봉구	공공행정 국방 및 사회보장 행정	38	1	3,698	2,284	1,414	-	-	-	-	38	3,698	-	-	38	3,698	-	-	-	-
2016	도봉구	교육 서비스업	931	526	7,257	2,154	5,103	769	1,695	58	772	67	4,401	37	389	873	5,226	9	54	49	1,977
2016	도봉구	보건업 및 사회복지 서비스업	794	376	8,584	1,609	6,975	640	5,136	5	95	61	2,002	88	1,351	749	7,721	4	30	41	833
2016	도봉구	예술 스포츠 및 여가관련 서비스업	567	256	1,654	919	735	533	1,247	10	57	6	226	18	124	558	1,437	1	6	8	211
2016	도봉구	협회 및 단체 수리 및 기타 개인서비스업	2,056	1,027	4,679	2,343	2,336	1,549	2,515	34	777	26	110	447	1,277	2,028	4,210	4	66	24	403
2016	노원구	합계	26,271	9,135	114,999	55,326	59,673	22,875	53,407	1,861	28,603	565	26,422	970	6,567	25,068	85,594	139	6,843	1,064	22,562
2016	노원구	농업 임업 및 어업	1	-	3	1	2	-	-	-	-	1	3	-	-	-	-	-	-	1	3
2016	노원구	제조업	834	187	3,973	2,126	1,847	692	2,355	137	1,379	4	133	1	106	810	3,591	16	257	8	125
2016	노원구	전기 가스 증기 및 수도사업	5	-	272	234	38	-	-	1	85	4	187	-	-	-	-	-	-	5	272
2016	노원구	하수폐기물처리 원료재생 및 환경복원업	14	3	150	120	30	2	8	12	142	-	-	-	-	13	138	-	-	1	12
2016	노원구	건설업	510	103	2,499	1,926	573	373	983	136	1,514	1	2	-	-	504	2,421	2	37	4	41
2016	노원구	도매 및 소매업	4,983	2,249	15,359	7,083	8,276	4,357	10,144	602	5,073	20	129	4	13	4,635	11,806	37	397	311	3,156
2016	노원구	운수업	6,725	275	12,484	11,867	617	6,622	6,786	62	4,865	39	825	2	8	6,671	10,551	4	367	50	1,566
2016	노원구	숙박 및 음식점업	4,118	2,311	14,231	5,471	8,760	3,945	11,663	161	2,520	8	32	4	16	3,987	12,114	5	44	126	2,073
2016	노원구	출판 영상 방송통신 및 정보서비스업	169	43	1,153	713	440	68	160	85	716	14	271	2	6	156	759	-	-	13	394
2016	노원구	금융 및 보험업	218	28	3,806	1,276	2,530	23	60	165	3,304	29	440	1	2	41	458	2	22	175	3,326
2016	노원구	부동산업 및 임대업	1,255	481	4,670	3,125	1,545	885	1,682	79	611	14	126	277	2,251	1,217	4,312	7	120	31	238
2016	노원구	전문 과학 및 기술 서비스업	415	73	2,236	1,348	888	266	791	115	966	34	479	-	-	372	1,661	13	186	30	389
2016	노원구	사업시설관리 및 사업지원 서비스업	220	70	5,298	2,246	3,052	113	453	83	4,183	9	271	15	391	191	3,539	11	958	18	801
2016	노원구	공공행정 국방 및 사회보장 행정	39	4	2,656	1,739	917	-	-	-	-	39	2,656	-	-	38	2,594	-	-	1	62
2016	노원구	교육 서비스업	1,903	1,001	20,447	8,279	12,168	1,544	4,699	155	2,349	166	12,970	38	429	1,725	12,460	24	1,970	154	6,017
2016	노원구	보건업 및 사회복지 서비스업	1,404	670	16,808	3,400	13,408	1,200	7,799	9	195	113	7,051	82	1,763	1,313	10,880	14	2,420	77	3,508
2016	노원구	예술 스포츠 및 여가관련 서비스업	855	346	2,880	1,673	1,207	811	2,114	14	100	15	498	15	168	842	2,600	-	-	13	280
2016	노원구	협회 및 단체 수리 및 기타 개인서비스업	2,603	1,291	6,074	2,699	3,375	1,974	3,710	45	601	55	349	529	1,414	2,553	5,710	4	65	46	299
2016	은평구	합계	24,615	9,287	90,203	42,932	47,271	21,574	48,172	1,658	21,709	541	16,351	842	3,971	23,580	72,055	146	4,123	889	14,025
2016	은평구	제조업	960	263	3,305	1,654	1,651	852	2,353	99	819	9	133	-	-	944	2,948	6	186	10	171
2016	은평구	전기 가스 증기 및 수도사업	5	1	156	126	30	1	1	1	65	3	90	-	-	2	3	-	-	3	153
2016	은평구	하수폐기물처리 원료재생 및 환경복원업	11	2	186	165	21	3	5	8	181	-	-	-	-	10	159	-	-	1	27
2016	은평구	건설업	673	108	4,911	4,013	898	409	994	261	3,911	3	6	-	-	658	4,734	10	123	5	54
2016	은평구	도매 및 소매업	5,225	2,281	16,302	7,523	8,779	4,589	10,426	608	5,246	25	618	3	12	4,831	12,033	48	850	346	3,419
2016	은평구	운수업	5,092	187	8,683	8,209	474	5,030	5,220	39	3,041	19	408	4	14	5,062	7,345	5	808	25	530
2016	은평구	숙박 및 음식점업	4,157	2,451	12,010	4,599	7,411	4,010	10,072	131	1,866	11	53	5	19	4,048	10,408	2	14	107	1,588
2016	은평구	출판 영상 방송통신 및 정보서비스업	163	38	1,322	820	502	96	262	53	818	13	234	1	8	154	893	2	272	7	157
2016	은평구	금융 및 보험업	172	32	2,410	698	1,712	29	56	97	1,869	46	485	-	-	42	193	12	138	118	2,079
2016	은평구	부동산업 및 임대업	1,361	553	3,415	2,068	1,347	1,093	1,699	97	602	24	80	147	1,034	1,320	3,082	6	36	35	297
2016	은평구	전문 과학 및 기술 서비스업	347	53	1,565	914	651	263	777	59	533	23	253	2	2	321	1,312	9	103	17	150
2016	은평구	사업시설관리 및 사업지원 서비스업	177	54	1,665	788	877	101	336	66	1,156	8	164	2	9	163	927	7	521	7	217
2016	은평구	공공행정 국방 및 사회보장 행정	53	3	3,838	2,540	1,298	-	-	-	-	53	3,838	-	-	50	3,414	1	348	2	76
2016	은평구	교육 서비스업	1,405	838	9,874	2,889	6,985	1,202	3,082	66	737	114	5,883	23	172	1,326	6,924	14	470	65	2,480
2016	은평구	보건업 및 사회복지 서비스업	1,117	508	11,732	2,125	9,607	945	7,425	3	75	97	3,345	72	887	1,045	9,852	13	88	59	1,792
2016	은평구	예술 스포츠 및 여가관련 서비스업	777	326	2,283	1,217	1,066	720	1,586	26	275	16	348	15	74	754	1,812	6	151	17	320
2016	은평구	협회 및 단체 수리 및 기타 개인서비스업	2,920	1,589	6,546	2,584	3,962	2,231	3,878	44	515	77	413	568	1,740	2,850	6,016	5	15	65	515
2016	서대문구	합계	19,540	7,226	113,979	56,957	57,022	16,150	37,185	2,118	36,420	631	37,020	641	3,354	18,311	64,315	210	15,634	1,019	34,030
2016	서대문구	제조업	748	199	2,672	1,439	1,233	655	1,833	90	764	1	71	2	4	731	2,308	8	177	9	187
2016	서대문구	전기 가스 증기 및 수도사업	3	-	452	310	142	-	-	1	49	2	403	-	-	3	452	-	-	-	-
2016	서대문구	하수폐기물처리 원료재생 및 환경복원업	14	4	189	169	20	4	14	10	175	-	-	-	-	12	138	1	50	1	1
2016	서대문구	건설업	496	86	4,869	4,184	685	348	842	147	4,025	1	2	-	-	485	2,962	6	1,826	5	81
2016	서대문구	도매 및 소매업	4,111	1,685	14,526	7,449	7,077	3,485	7,552	604	6,827	22	147	-	-	3,784	9,333	51	2,800	276	2,393
2016	서대문구	운수업	2,898	108	5,839	5,457	382	2,807	3,010	79	2,711	10	108	2	10	2,876	5,451	6	248	16	140
2016	서대문구	숙박 및 음식점업	4,301	2,312	14,353	5,909	8,444	3,985	10,893	302	3,397	11	50	3	13	4,045	11,615	16	189	240	2,549
2016	서대문구	출판 영상 방송통신 및 정보서비스업	373	88	3,028	1,961	1,067	190	456	160	2,190	20	368	3	14	348	2,570	7	108	18	350
2016	서대문구	금융 및 보험업	197	27	4,452	2,299	2,153	21	36	132	3,913	43	500	1	3	58	685	15	1,173	124	2,594
2016	서대문구	부동산업 및 임대업	985	373	2,829	1,789	1,040	757	1,306	98	738	27	106	103	679	943	2,427	11	135	31	267
2016	서대문구	전문 과학 및 기술 서비스업	519	109	5,541	2,760	2,781	308	983	158	2,295	44	2,247	9	16	473	2,466	21	1,927	25	1,148
2016	서대문구	사업시설관리 및 사업지원 서비스업	376	104	7,832	4,198	3,634	168	366	193	7,364	10	54	5	48	324	1,835	20	4,592	32	1,405
2016	서대문구	공공행정 국방 및 사회보장 행정	43	1	5,266	3,390	1,876	-	-	-	-	43	5,266	-	-	42	5,094	1	172	-	-
2016	서대문구	교육 서비스업	1,040	586	17,686	7,792	9,894	783	2,159	92	1,510	139	13,788	26	229	897	5,643	21	1,561	122	10,482
2016	서대문구	보건업 및 사회복지 서비스업	743	274	17,557	4,654	12,903	571	3,523	6	87	99	12,996	67	951	678	5,216	12	401	53	11,940
2016	서대문구	예술 스포츠 및 여가관련 서비스업	546	224	1,628	880	748	495	1,184	25	158	14	241	12	45	521	1,349	5	91	20	188
2016	서대문구	협회 및 단체 수리 및 기타 개인서비스업	2,147	1,046	5,260	2,317	2,943	1,573	3,028	21	217	145	673	408	1,342	2,091	4,771	9	184	47	305
2016	마포구	합계	36,191	12,006	250,605	137,690	112,915	25,550	68,442	8,867	153,674	974	23,989	800	4,500	33,450	160,736	883	57,475	1,858	32,394
2016	마포구	제조업	1,385	355	5,433	2,983	2,450	1,122	3,087	260	2,332	3	14	-	-	1,350	4,627	22	741	13	65
2016	마포구	전기 가스 증기 및 수도사업	8	1	446	386	60	-	-	4	189	4	257	-	-	3	10	-	-	5	436
2016	마포구	하수폐기물처리 원료재생 및 환경복원업	24	3	331	301	30	2	3	11	227	11	101	-	-	24	331	-	-	-	-
2016	마포구	건설업	1,096	169	14,661	12,345	2,316	501	1,421	595	13,240	-	-	-	-	1,044	10,246	33	3,721	19	694
2016	마포구	도매 및 소매업	7,784	2,722	34,657	18,784	15,873	5,295	11,813	2,452	22,616	35	224	2	4	7,017	21,620	254	7,459	513	5,578
2016	마포구	운수업	3,042	204	12,869	9,511	3,358	2,388	2,936	616	8,812	32	1,102	6	19	2,913	9,324	70	2,265	59	1,280
2016	마포구	숙박 및 음식점업	7,786	3,635	28,281	12,774	15,507	7,186	22,346	573	5,789	17	101	10	45	7,380	24,030	56	524	350	3,727
2016	마포구	출판 영상 방송통신 및 정보서비스업	2,598	477	38,513	24,644	13,869	1,013	3,146	1,531	34,081	51	1,261	3	25	2,459	23,111	78	11,661	61	3,741
2016	마포구	금융 및 보험업	577	98	13,557	6,857	6,700	44	82	461	12,169	71	1,300	1	6	194	2,025	39	2,327	344	9,205
2016	마포구	부동산업 및 임대업	1,861	604	6,771	4,258	2,513	1,358	2,449	320	3,012	27	230	156	1,080	1,750	5,347	33	690	78	734
2016	마포구	전문 과학 및 기술 서비스업	2,444	488	18,647	11,232	7,415	1,295	3,802	998	13,522	141	1,292	10	31	2,220	10,476	123	6,880	101	1,291
2016	마포구	사업시설관리 및 사업지원 서비스업	938	249	33,692	16,099	17,593	272	1,110	637	32,078	15	397	14	107	822	17,724	58	14,519	58	1,449
2016	마포구	공공행정 국방 및 사회보장 행정	59	7	4,450	2,791	1,659	-	-	-	-	59	4,450	-	-	56	4,092	-	-	3	358
2016	마포구	교육 서비스업	1,545	803	15,294	5,969	9,325	1,171	3,614	210	3,331	122	7,914	42	435	1,407	8,786	37	4,579	101	1,929
2016	마포구	보건업 및 사회복지 서비스업	1,132	458	9,577	1,931	7,646	942	5,841	14	206	90	2,212	86	1,318	1,063	8,011	20	799	49	767
2016	마포구	예술 스포츠 및 여가관련 서비스업	942	364	4,329	2,429	1,900	778	2,138	113	876	30	1,230	21	85	885	3,329	17	598	40	402
2016	마포구	협회 및 단체 수리 및 기타 개인서비스업	2,970	1,369	9,097	4,396	4,701	2,183	4,654	72	1,194	266	1,904	449	1,345	2,863	7,647	43	712	64	738
2016	양천구	합계	26,108	9,421	117,259	63,073	54,186	21,994	51,133	2,785	41,473	466	19,988	863	4,665	24,894	92,566	237	8,215	977	16,478
2016	양천구	제조업	1,189	312	5,138	2,535	2,603	1,048	3,518	139	1,580	2	40	-	-	1,166	4,730	15	326	8	82
2016	양천구	전기 가스 증기 및 수도사업	3	-	408	328	80	-	-	-	-	3	408	-	-	1	159	1	159	1	90
2016	양천구	하수폐기물처리 원료재생 및 환경복원업	20	3	322	275	47	2	8	17	311	1	3	-	-	15	227	2	15	3	80
2016	양천구	건설업	810	118	9,137	7,761	1,376	512	1,430	298	7,707	-	-	-	-	795	8,391	10	662	5	84
2016	양천구	도매 및 소매업	5,569	2,266	17,407	9,041	8,366	4,572	10,213	975	7,048	18	124	4	22	5,193	13,644	63	797	313	2,966
2016	양천구	운수업	5,098	279	12,806	11,795	1,011	4,882	5,320	200	6,583	16	903	-	-	5,055	10,756	19	954	24	1,096
2016	양천구	숙박 및 음식점업	3,561	2,097	11,260	4,200	7,060	3,394	9,167	163	2,073	4	20	-	-	3,422	9,466	3	17	136	1,777
2016	양천구	출판 영상 방송통신 및 정보서비스업	288	48	5,233	3,566	1,667	121	416	157	4,092	9	675	1	50	260	2,257	16	2,510	12	466
2016	양천구	금융 및 보험업	195	32	2,441	992	1,449	23	61	134	1,908	38	472	-	-	51	220	7	115	137	2,106
2016	양천구	부동산업 및 임대업	1,290	550	4,038	2,503	1,535	963	1,552	150	999	10	62	167	1,425	1,222	3,441	14	70	54	527
2016	양천구	전문 과학 및 기술 서비스업	687	107	3,217	1,841	1,376	488	1,483	135	1,130	58	592	6	12	618	2,526	25	284	44	407
2016	양천구	사업시설관리 및 사업지원 서비스업	223	72	4,291	2,978	1,313	108	401	99	3,613	6	212	10	65	197	2,980	13	760	13	551
2016	양천구	공공행정 국방 및 사회보장 행정	47	5	5,204	3,422	1,782	-	-	-	-	47	5,204	-	-	46	5,174	-	-	1	30
2016	양천구	교육 서비스업	2,280	1,211	14,521	4,860	9,661	1,923	4,937	225	3,038	99	6,239	33	307	2,137	11,275	21	525	122	2,721
2016	양천구	보건업 및 사회복지 서비스업	1,149	515	12,221	2,257	9,964	983	7,001	12	183	64	3,803	90	1,234	1,099	9,337	6	264	44	2,620
2016	양천구	예술 스포츠 및 여가관련 서비스업	871	371	2,721	1,451	1,270	795	1,800	30	236	18	528	28	157	851	2,252	1	17	19	452
2016	양천구	협회 및 단체 수리 및 기타 개인서비스업	2,828	1,435	6,894	3,268	3,626	2,180	3,826	51	972	73	703	524	1,393	2,766	5,731	21	740	41	423
2016	강서구	합계	34,662	11,964	207,406	113,755	93,651	27,252	66,954	5,599	114,091	678	20,611	1,133	5,750	32,525	134,599	481	44,482	1,656	28,325
2016	강서구	농업 임업 및 어업	1	-	29	27	2	-	-	-	-	1	29	-	-	1	29	-	-	-	-
2016	강서구	제조업	1,201	294	6,728	3,863	2,865	911	3,010	286	3,656	4	62	-	-	1,162	5,563	21	726	18	439
2016	강서구	전기 가스 증기 및 수도사업	6	1	475	391	84	1	1	3	376	2	98	-	-	2	4	1	325	3	146
2016	강서구	하수폐기물처리 원료재생 및 환경복원업	41	3	606	522	84	6	32	28	555	7	19	-	-	35	537	1	8	5	61
2016	강서구	건설업	1,064	136	11,720	10,062	1,658	546	1,578	518	10,142	-	-	-	-	1,020	10,549	23	766	21	405
2016	강서구	도매 및 소매업	8,301	3,109	32,734	18,092	14,642	6,120	14,581	2,152	17,928	27	206	2	19	7,631	24,378	132	2,679	538	5,677
2016	강서구	운수업	7,072	372	50,983	34,056	16,927	6,339	7,088	668	42,238	65	1,657	-	-	6,839	18,425	90	28,483	143	4,075
2016	강서구	숙박 및 음식점업	5,215	3,014	18,231	6,893	11,338	4,947	14,494	259	3,686	6	31	3	20	5,007	15,388	12	112	196	2,731
2016	강서구	출판 영상 방송통신 및 정보서비스업	554	78	7,345	5,136	2,209	180	477	363	6,585	9	278	2	5	510	5,171	13	1,058	31	1,116
2016	강서구	금융 및 보험업	291	46	4,287	1,592	2,695	31	101	209	3,394	51	792	-	-	83	464	11	406	197	3,417
2016	강서구	부동산업 및 임대업	1,870	710	6,148	3,808	2,340	1,332	2,485	270	1,996	12	211	256	1,456	1,762	5,096	13	236	95	816
2016	강서구	전문 과학 및 기술 서비스업	800	130	7,391	4,874	2,517	410	1,178	349	5,496	41	717	-	-	634	3,326	74	2,704	92	1,361
2016	강서구	사업시설관리 및 사업지원 서비스업	390	100	14,870	8,099	6,771	142	371	231	13,891	11	560	6	48	306	8,059	35	4,950	49	1,861
2016	강서구	공공행정 국방 및 사회보장 행정	57	3	3,549	2,402	1,147	-	-	-	-	57	3,549	-	-	55	3,288	1	192	1	69
2016	강서구	교육 서비스업	1,701	1,009	13,163	4,255	8,908	1,439	4,249	108	1,468	128	7,193	26	253	1,594	9,815	14	605	93	2,743
2016	강서구	보건업 및 사회복지 서비스업	1,429	670	15,892	2,774	13,118	1,196	9,751	9	375	107	3,817	117	1,949	1,346	13,311	16	619	67	1,962
2016	강서구	예술 스포츠 및 여가관련 서비스업	1,068	475	3,180	1,694	1,486	952	2,196	36	367	36	424	44	193	1,036	2,747	4	89	28	344
2016	강서구	협회 및 단체 수리 및 기타 개인서비스업	3,601	1,814	10,075	5,215	4,860	2,700	5,362	110	1,938	114	968	677	1,807	3,502	8,449	20	524	79	1,102
2016	구로구	합계	38,033	10,923	211,391	123,307	88,084	28,055	65,420	8,499	121,363	650	19,403	829	5,205	35,612	151,710	695	34,123	1,726	25,558
2016	구로구	농업 임업 및 어업	1	-	1	1	-	-	-	1	1	-	-	-	-	1	1	-	-	-	-
2016	구로구	제조업	3,690	501	19,621	13,896	5,725	2,778	7,453	907	12,089	3	66	2	13	3,544	15,214	85	3,688	61	719
2016	구로구	전기 가스 증기 및 수도사업	5	1	105	16	89	1	2	1	89	3	14	-	-	3	12	1	89	1	4
2016	구로구	하수폐기물처리 원료재생 및 환경복원업	19	2	179	155	24	2	7	11	159	6	13	-	-	17	137	2	42	-	-
2016	구로구	건설업	1,014	130	12,160	10,354	1,806	510	1,487	500	10,662	3	8	1	3	956	8,638	35	3,310	23	212
2016	구로구	도매 및 소매업	12,166	3,413	39,243	23,781	15,462	8,734	18,240	3,403	20,855	23	128	6	20	11,241	30,890	230	3,641	695	4,712
2016	구로구	운수업	4,722	206	9,620	8,636	984	4,551	5,015	129	3,296	38	1,284	4	25	4,658	7,275	14	733	50	1,612
2016	구로구	숙박 및 음식점업	4,671	2,740	14,448	5,232	9,216	4,427	11,910	238	2,514	4	19	2	5	4,472	12,261	13	153	186	2,034
2016	구로구	출판 영상 방송통신 및 정보서비스업	2,017	258	29,330	21,117	8,213	447	1,203	1,553	28,019	15	105	2	3	1,890	23,286	68	4,702	59	1,342
2016	구로구	금융 및 보험업	446	63	7,971	3,108	4,863	90	185	280	6,989	75	796	1	1	190	971	29	1,529	227	5,471
2016	구로구	부동산업 및 임대업	1,370	461	5,219	3,285	1,934	922	1,607	229	2,000	18	117	201	1,495	1,293	4,496	16	185	61	538
2016	구로구	전문 과학 및 기술 서비스업	1,461	202	15,128	10,475	4,653	701	2,359	659	11,267	99	1,499	2	3	1,234	9,281	113	4,084	114	1,763
2016	구로구	사업시설관리 및 사업지원 서비스업	592	155	20,501	9,319	11,182	227	775	337	19,447	11	96	17	183	483	8,975	40	9,456	69	2,070
2016	구로구	공공행정 국방 및 사회보장 행정	46	-	4,325	2,791	1,534	-	-	-	-	46	4,325	-	-	45	4,319	-	-	1	6
2016	구로구	교육 서비스업	1,202	681	10,180	3,582	6,598	944	2,492	115	1,972	102	5,415	41	301	1,119	7,621	18	1,503	65	1,056
2016	구로구	보건업 및 사회복지 서비스업	1,064	462	12,740	2,350	10,390	894	6,836	8	148	77	4,467	85	1,289	1,026	9,257	10	469	28	3,014
2016	구로구	예술 스포츠 및 여가관련 서비스업	844	367	2,364	1,252	1,112	774	1,672	41	328	21	306	8	58	819	2,066	3	89	22	209
2016	구로구	협회 및 단체 수리 및 기타 개인서비스업	2,703	1,281	8,256	3,957	4,299	2,053	4,177	87	1,528	106	745	457	1,806	2,621	7,010	18	450	64	796
2016	금천구	합계	30,987	8,357	225,578	141,639	83,939	20,101	54,316	9,804	158,072	481	10,233	601	2,957	28,490	156,657	838	40,351	1,659	28,570
2016	금천구	농업 임업 및 어업	1	-	4	3	1	-	-	1	4	-	-	-	-	1	4	-	-	-	-
2016	금천구	광업	2	-	2	2	-	-	-	2	2	-	-	-	-	2	2	-	-	-	-
2016	금천구	제조업	5,249	970	42,463	27,095	15,368	3,305	12,431	1,934	29,863	8	161	2	8	4,943	32,559	174	7,898	132	2,006
2016	금천구	전기 가스 증기 및 수도사업	4	-	12	10	2	1	2	3	10	-	-	-	-	4	12	-	-	-	-
2016	금천구	하수폐기물처리 원료재생 및 환경복원업	26	-	241	216	25	4	16	15	168	7	57	-	-	21	208	3	28	2	5
2016	금천구	건설업	1,045	130	14,333	12,455	1,878	470	1,537	573	12,792	1	1	1	3	977	11,218	32	2,560	36	555
2016	금천구	도매 및 소매업	8,725	2,557	39,341	24,161	15,180	5,595	13,035	3,116	26,258	13	46	1	2	7,860	27,870	257	6,740	608	4,731
2016	금천구	운수업	2,818	150	9,125	7,835	1,290	2,590	3,548	202	5,360	23	193	3	24	2,726	7,253	20	880	72	992
2016	금천구	숙박 및 음식점업	3,339	1,993	10,683	3,681	7,002	3,173	8,596	160	2,066	1	4	5	17	3,204	9,035	3	17	132	1,631
2016	금천구	출판 영상 방송통신 및 정보서비스업	2,354	277	33,102	23,295	9,807	512	1,694	1,833	31,011	9	397	-	-	2,175	23,614	92	8,050	87	1,438
2016	금천구	금융 및 보험업	230	28	2,841	1,519	1,322	34	80	148	2,129	48	632	-	-	109	1,023	9	216	112	1,602
2016	금천구	부동산업 및 임대업	990	268	4,313	2,921	1,392	676	1,140	236	2,589	7	32	71	552	914	3,159	26	538	50	616
2016	금천구	전문 과학 및 기술 서비스업	1,836	217	28,780	20,805	7,975	696	2,574	1,041	24,672	96	1,523	3	11	1,463	12,953	154	5,133	219	10,694
2016	금천구	사업시설관리 및 사업지원 서비스업	510	104	19,630	9,458	10,172	172	676	302	18,304	9	314	27	336	397	9,625	26	7,409	87	2,596
2016	금천구	공공행정 국방 및 사회보장 행정	32	5	1,981	1,203	778	-	-	-	-	32	1,981	-	-	30	1,970	-	-	2	11
2016	금천구	교육 서비스업	651	328	5,096	1,725	3,371	463	1,228	106	1,022	65	2,737	17	109	597	3,950	17	491	37	655
2016	금천구	보건업 및 사회복지 서비스업	658	252	6,381	1,210	5,171	521	4,099	9	97	42	1,288	86	897	634	5,980	5	36	19	365
2016	금천구	예술 스포츠 및 여가관련 서비스업	538	248	1,499	779	720	492	1,046	21	186	14	124	11	143	521	1,330	-	-	17	169
2016	금천구	협회 및 단체 수리 및 기타 개인서비스업	1,979	830	5,751	3,266	2,485	1,397	2,614	102	1,539	106	743	374	855	1,912	4,892	20	355	47	504
2016	영등포구	합계	43,678	13,015	366,625	215,918	150,707	31,193	77,519	10,348	237,497	1,218	45,145	919	6,464	40,109	203,025	1,159	113,673	2,410	49,927
2016	영등포구	광업	1	-	1	1	-	-	-	1	1	-	-	-	-	1	1	-	-	-	-
2016	영등포구	제조업	4,248	625	14,707	10,346	4,361	3,673	9,032	567	5,541	7	131	1	3	4,144	12,603	64	1,385	40	719
2016	영등포구	전기 가스 증기 및 수도사업	9	-	812	611	201	-	-	3	214	6	598	-	-	2	109	1	169	6	534
2016	영등포구	하수폐기물처리 원료재생 및 환경복원업	25	4	426	379	47	8	30	15	391	2	5	-	-	21	266	3	152	1	8
2016	영등포구	건설업	1,374	212	18,803	16,463	2,340	645	1,848	728	16,954	-	-	1	1	1,306	13,771	39	4,593	29	439
2016	영등포구	도매 및 소매업	11,892	3,606	55,129	33,235	21,894	8,466	18,072	3,385	36,587	33	447	8	23	10,897	33,642	322	13,564	673	7,923
2016	영등포구	운수업	4,000	205	13,268	10,507	2,761	3,544	4,069	345	7,612	102	1,489	9	98	3,805	8,192	70	3,333	125	1,743
2016	영등포구	숙박 및 음식점업	6,992	3,934	26,346	9,818	16,528	6,382	18,620	591	7,529	15	176	4	21	6,486	20,009	34	342	472	5,995
2016	영등포구	출판 영상 방송통신 및 정보서비스업	1,853	290	31,974	23,383	8,591	532	1,600	1,293	26,461	26	3,910	2	3	1,757	19,057	52	11,029	44	1,888
2016	영등포구	금융 및 보험업	1,137	146	52,793	31,747	21,046	149	314	872	44,845	114	7,625	2	9	618	9,887	105	31,141	414	11,765
2016	영등포구	부동산업 및 임대업	2,021	561	12,876	9,224	3,652	1,280	2,329	481	8,097	29	336	231	2,114	1,881	7,091	39	3,991	101	1,794
2016	영등포구	전문 과학 및 기술 서비스업	2,384	361	32,586	21,602	10,984	1,029	3,129	1,109	22,652	235	6,763	11	42	1,986	14,220	203	15,513	195	2,853
2016	영등포구	사업시설관리 및 사업지원 서비스업	995	264	56,493	26,888	29,605	337	916	627	55,179	19	314	12	84	794	24,616	101	23,952	100	7,925
2016	영등포구	공공행정 국방 및 사회보장 행정	69	6	8,482	5,373	3,109	-	-	-	-	69	8,482	-	-	67	8,466	-	-	2	16
2016	영등포구	교육 서비스업	1,253	664	9,097	3,001	6,096	953	2,629	137	1,612	114	4,426	49	430	1,173	7,445	21	643	59	1,009
2016	영등포구	보건업 및 사회복지 서비스업	1,148	431	14,980	3,419	11,561	968	8,020	3	44	75	5,757	102	1,159	1,094	10,611	18	789	36	3,580
2016	영등포구	예술 스포츠 및 여가관련 서비스업	1,049	438	4,134	2,276	1,858	922	2,035	73	845	35	1,168	19	86	1,008	3,255	8	163	33	716
2016	영등포구	협회 및 단체 수리 및 기타 개인서비스업	3,228	1,268	13,718	7,645	6,073	2,305	4,876	118	2,933	337	3,518	468	2,391	3,069	9,784	79	2,914	80	1,020
2016	동작구	합계	19,747	7,679	108,058	53,552	54,506	16,677	39,921	1,864	42,275	502	21,919	704	3,943	18,683	71,303	201	18,901	863	17,854
2016	동작구	제조업	610	176	2,173	1,092	1,081	538	1,444	70	642	2	87	-	-	600	1,981	3	32	7	160
2016	동작구	전기 가스 증기 및 수도사업	6	-	367	282	85	-	-	3	69	3	298	-	-	3	214	-	-	3	153
2016	동작구	하수폐기물처리 원료재생 및 환경복원업	13	1	183	162	21	1	6	11	168	1	9	-	-	12	152	1	31	-	-
2016	동작구	건설업	558	57	4,852	4,161	691	387	953	170	3,897	-	-	1	2	540	4,580	9	170	9	102
2016	동작구	도매 및 소매업	4,727	1,955	15,828	8,456	7,372	4,085	9,094	621	6,597	20	134	1	3	4,422	11,110	69	1,598	236	3,120
2016	동작구	운수업	2,192	97	3,338	2,978	360	2,139	2,339	35	684	17	311	1	4	2,162	2,770	2	4	28	564
2016	동작구	숙박 및 음식점업	4,034	2,217	12,631	5,022	7,609	3,868	10,883	151	1,544	9	170	6	34	3,910	11,323	9	101	115	1,207
2016	동작구	출판 영상 방송통신 및 정보서비스업	249	46	4,205	2,673	1,532	93	263	148	3,668	7	266	1	8	232	3,575	5	300	12	330
2016	동작구	금융 및 보험업	191	30	3,327	1,436	1,891	15	33	129	2,648	47	646	-	-	43	252	10	323	138	2,752
2016	동작구	부동산업 및 임대업	1,216	454	5,613	2,649	2,964	947	1,620	109	2,811	18	89	142	1,093	1,179	4,947	5	238	32	428
2016	동작구	전문 과학 및 기술 서비스업	422	65	6,834	4,130	2,704	257	739	135	5,705	28	386	2	4	364	1,855	26	4,424	32	555
2016	동작구	사업시설관리 및 사업지원 서비스업	260	53	11,714	5,165	6,549	143	554	108	10,650	8	504	1	6	220	4,168	22	6,036	18	1,510
2016	동작구	공공행정 국방 및 사회보장 행정	37	2	3,192	2,013	1,179	-	-	-	-	37	3,192	-	-	37	3,192	-	-	-	-
2016	동작구	교육 서비스업	1,211	678	14,430	6,629	7,801	941	2,590	124	2,602	118	9,029	28	209	1,072	6,217	15	5,049	124	3,164
2016	동작구	보건업 및 사회복지 서비스업	946	403	11,315	2,668	8,647	785	4,514	3	16	83	5,485	75	1,300	881	7,986	11	324	54	3,005
2016	동작구	예술 스포츠 및 여가관련 서비스업	755	306	2,471	1,429	1,042	698	1,721	20	116	20	574	17	60	737	2,114	-	-	18	357
2016	동작구	협회 및 단체 수리 및 기타 개인서비스업	2,320	1,139	5,585	2,607	2,978	1,780	3,168	27	458	84	739	429	1,220	2,269	4,867	14	271	37	447
2016	관악구	합계	26,377	9,765	113,781	59,786	53,995	22,881	54,474	2,017	35,140	558	18,917	921	5,250	25,241	85,451	187	14,697	949	13,633
2016	관악구	광업	1	-	2	2	-	-	-	1	2	-	-	-	-	1	2	-	-	-	-
2016	관악구	제조업	1,308	374	5,376	2,479	2,897	1,198	4,120	107	1,246	1	3	2	7	1,288	4,898	11	358	9	120
2016	관악구	하수폐기물처리 원료재생 및 환경복원업	12	3	155	135	20	2	5	9	137	1	13	-	-	11	132	1	23	-	-
2016	관악구	건설업	710	78	9,352	8,068	1,284	473	1,066	237	8,286	-	-	-	-	687	7,047	12	2,018	11	287
2016	관악구	도매 및 소매업	5,287	2,303	16,460	8,276	8,184	4,604	10,305	650	5,117	27	210	6	828	4,907	12,893	51	1,026	329	2,541
2016	관악구	운수업	4,233	211	6,507	6,095	412	4,176	4,416	44	1,970	11	115	2	6	4,211	5,763	6	482	16	262
2016	관악구	숙박 및 음식점업	5,519	3,072	16,956	6,993	9,963	5,345	14,192	159	2,256	12	497	3	11	5,387	14,543	8	314	124	2,099
2016	관악구	출판 영상 방송통신 및 정보서비스업	299	50	2,991	2,061	930	133	418	146	2,209	17	335	3	29	271	2,129	8	233	20	629
2016	관악구	금융 및 보험업	177	25	2,108	846	1,262	20	23	106	1,513	51	572	-	-	56	281	9	152	112	1,675
2016	관악구	부동산업 및 임대업	1,443	441	4,192	2,764	1,428	1,210	2,453	122	979	9	38	102	722	1,390	3,647	8	152	45	393
2016	관악구	전문 과학 및 기술 서비스업	595	84	4,626	2,786	1,840	347	1,057	147	2,670	83	833	18	66	525	2,737	14	937	56	952
2016	관악구	사업시설관리 및 사업지원 서비스업	286	76	7,199	4,242	2,957	154	430	113	6,403	9	285	10	81	248	3,293	11	2,179	27	1,727
2016	관악구	공공행정 국방 및 사회보장 행정	51	2	3,249	2,169	1,080	-	-	-	-	51	3,249	-	-	51	3,249	-	-	-	-
2016	관악구	교육 서비스업	1,239	685	14,289	6,188	8,101	995	2,741	94	1,464	105	9,748	45	336	1,153	6,787	17	5,986	69	1,516
2016	관악구	보건업 및 사회복지 서비스업	1,121	454	10,277	1,835	8,442	932	6,825	6	100	67	2,063	116	1,289	1,072	9,178	11	502	38	597
2016	관악구	예술 스포츠 및 여가관련 서비스업	998	425	2,919	1,653	1,266	917	2,177	32	247	21	372	28	123	963	2,483	8	76	27	360
2016	관악구	협회 및 단체 수리 및 기타 개인서비스업	3,098	1,482	7,123	3,194	3,929	2,375	4,246	44	541	93	584	586	1,752	3,020	6,389	12	259	66	475
2016	서초구	합계	46,404	14,603	427,227	257,242	169,985	28,941	85,665	14,535	284,846	1,981	50,481	947	6,235	41,654	250,725	1,755	112,776	2,995	63,726
2016	서초구	농업 임업 및 어업	4	2	15	9	6	-	-	4	15	-	-	-	-	4	15	-	-	-	-
2016	서초구	광업	1	-	5	4	1	-	-	1	5	-	-	-	-	-	-	1	5	-	-
2016	서초구	제조업	1,082	318	6,598	3,655	2,943	664	1,655	416	4,896	2	47	-	-	993	3,772	56	2,622	33	204
2016	서초구	전기 가스 증기 및 수도사업	11	-	144	117	27	-	-	6	14	4	125	1	5	7	19	1	1	3	124
2016	서초구	하수폐기물처리 원료재생 및 환경복원업	17	2	233	206	27	2	10	13	219	2	4	-	-	14	209	1	18	2	6
2016	서초구	건설업	1,887	261	60,501	53,954	6,547	575	1,678	1,312	58,823	-	-	-	-	1,713	38,469	106	18,740	68	3,292
2016	서초구	도매 및 소매업	12,459	4,244	67,812	39,793	28,019	7,879	17,193	4,515	50,087	60	513	5	19	11,103	35,700	515	19,443	841	12,669
2016	서초구	운수업	1,425	135	10,156	8,447	1,709	1,075	1,607	330	7,514	16	1,004	4	31	1,316	5,217	39	2,455	70	2,484
2016	서초구	숙박 및 음식점업	6,655	3,421	32,203	13,243	18,960	5,823	20,866	813	11,144	14	165	5	28	6,020	24,115	51	941	584	7,147
2016	서초구	출판 영상 방송통신 및 정보서비스업	2,332	337	31,609	22,510	9,099	539	1,467	1,755	28,973	36	1,163	2	6	2,182	23,331	72	6,483	78	1,795
2016	서초구	금융 및 보험업	898	125	18,879	10,095	8,784	102	193	717	16,667	76	2,015	3	4	430	2,532	40	7,883	428	8,464
2016	서초구	부동산업 및 임대업	3,228	851	16,546	10,907	5,639	1,939	4,396	985	9,461	35	187	269	2,502	3,033	11,743	85	3,733	110	1,070
2016	서초구	전문 과학 및 기술 서비스업	6,459	851	67,721	44,526	23,195	3,378	11,512	2,143	42,235	919	13,681	19	293	5,598	34,908	500	19,420	361	13,393
2016	서초구	사업시설관리 및 사업지원 서비스업	1,113	305	44,419	19,857	24,562	372	1,266	702	42,855	17	181	22	117	938	18,051	97	24,767	78	1,601
2016	서초구	공공행정 국방 및 사회보장 행정	66	8	11,200	7,103	4,097	-	-	-	-	66	11,200	-	-	63	10,105	1	886	2	209
2016	서초구	교육 서비스업	2,439	1,210	20,679	7,851	12,828	1,753	5,078	492	7,795	155	7,586	39	220	2,224	13,856	69	2,856	146	3,967
2016	서초구	보건업 및 사회복지 서비스업	1,619	575	18,841	4,172	14,669	1,447	10,862	14	87	111	7,370	47	522	1,546	12,627	20	667	53	5,547
2016	서초구	예술 스포츠 및 여가관련 서비스업	1,261	499	5,931	3,062	2,869	1,028	2,594	155	1,173	42	1,919	36	245	1,213	5,352	13	127	35	452
2016	서초구	협회 및 단체 수리 및 기타 개인서비스업	3,448	1,459	13,735	7,731	6,004	2,365	5,288	162	2,883	426	3,321	495	2,243	3,257	10,704	88	1,729	103	1,302
2016	강남구	합계	72,281	22,510	689,623	391,985	297,638	42,187	141,310	26,888	483,054	2,074	57,708	1,132	7,551	63,882	403,071	3,131	192,699	5,268	93,853
2016	강남구	농업 임업 및 어업	3	-	13	12	1	-	-	2	7	1	6	-	-	3	13	-	-	-	-
2016	강남구	광업	4	-	7	7	-	-	-	4	7	-	-	-	-	4	7	-	-	-	-
2016	강남구	제조업	1,747	566	15,731	7,268	8,463	1,092	2,894	649	12,726	4	103	2	8	1,572	6,322	122	7,419	53	1,990
2016	강남구	전기 가스 증기 및 수도사업	22	1	1,056	879	177	-	-	16	690	6	366	-	-	10	157	3	491	9	408
2016	강남구	하수폐기물처리 원료재생 및 환경복원업	26	1	815	704	111	4	5	22	810	-	-	-	-	19	555	6	187	1	73
2016	강남구	건설업	2,147	339	55,108	46,858	8,250	641	1,826	1,506	53,282	-	-	-	-	1,961	39,503	120	14,542	66	1,063
2016	강남구	도매 및 소매업	17,481	6,080	137,109	75,970	61,139	9,289	22,672	8,137	114,197	43	181	12	59	14,628	60,939	1,189	53,009	1,664	23,161
2016	강남구	운수업	3,125	175	11,543	9,211	2,332	2,662	3,501	327	6,564	125	1,387	11	91	2,907	7,378	95	2,744	123	1,421
2016	강남구	숙박 및 음식점업	10,860	5,171	55,535	24,551	30,984	9,128	35,286	1,710	20,105	15	108	7	36	9,657	41,235	145	2,735	1,058	11,565
2016	강남구	출판 영상 방송통신 및 정보서비스업	4,676	678	59,587	40,665	18,922	979	2,655	3,656	55,264	37	1,631	4	37	4,434	45,474	153	11,431	89	2,682
2016	강남구	금융 및 보험업	1,844	216	33,534	18,897	14,637	192	344	1,504	30,135	113	2,956	35	99	932	5,981	85	10,416	827	17,137
2016	강남구	부동산업 및 임대업	5,834	1,565	32,925	21,065	11,860	3,466	8,465	2,012	19,580	45	1,678	311	3,202	5,470	23,423	161	6,432	203	3,070
2016	강남구	전문 과학 및 기술 서비스업	9,187	1,676	107,792	67,676	40,116	3,830	13,759	4,583	75,505	728	18,264	46	264	8,096	64,545	646	33,884	445	9,363
2016	강남구	사업시설관리 및 사업지원 서비스업	1,688	462	74,702	40,693	34,009	458	1,829	1,183	72,320	26	480	21	73	1,429	31,861	140	35,279	119	7,562
2016	강남구	공공행정 국방 및 사회보장 행정	56	3	5,905	3,647	2,258	-	-	-	-	56	5,905	-	-	54	5,815	-	-	2	90
2016	강남구	교육 서비스업	3,765	1,700	28,713	11,457	17,256	2,583	8,149	963	12,703	173	7,334	46	527	3,322	18,962	130	4,174	313	5,577
2016	강남구	보건업 및 사회복지 서비스업	2,962	788	38,269	8,378	29,891	2,709	23,950	41	447	154	12,792	58	1,080	2,846	26,309	26	6,731	90	5,229
2016	강남구	예술 스포츠 및 여가관련 서비스업	1,709	619	8,245	4,559	3,686	1,363	3,648	266	3,407	55	1,063	25	127	1,605	5,860	23	632	81	1,753
2016	강남구	협회 및 단체 수리 및 기타 개인서비스업	5,145	2,470	23,034	9,488	13,546	3,791	12,327	307	5,305	493	3,454	554	1,948	4,933	18,732	87	2,593	125	1,709
2016	송파구	합계	45,555	15,376	312,661	185,579	127,082	33,239	83,415	10,176	185,940	945	35,508	1,195	7,798	42,434	198,469	886	67,623	2,235	46,569
2016	송파구	농업 임업 및 어업	5	-	284	240	44	-	-	2	119	3	165	-	-	2	11	2	272	1	1
2016	송파구	광업	2	-	7	7	-	-	-	2	7	-	-	-	-	2	7	-	-	-	-
2016	송파구	제조업	1,456	348	8,861	5,170	3,691	1,080	2,904	369	5,923	6	31	1	3	1,372	5,423	60	3,174	24	264
2016	송파구	전기 가스 증기 및 수도사업	10	-	53	50	3	-	-	7	26	3	27	-	-	10	53	-	-	-	-
2016	송파구	하수폐기물처리 원료재생 및 환경복원업	28	6	577	477	100	2	3	19	553	7	21	-	-	25	476	1	85	2	16
2016	송파구	건설업	1,881	268	41,653	36,308	5,345	795	2,638	1,085	39,010	1	5	-	-	1,768	31,999	71	9,134	42	520
2016	송파구	도매 및 소매업	13,672	4,778	56,257	32,726	23,531	8,657	19,841	4,969	36,044	38	323	8	49	12,534	38,336	350	9,683	788	8,238
2016	송파구	운수업	5,646	265	14,878	13,846	1,032	5,469	5,910	141	8,145	34	815	2	8	5,584	11,579	17	2,009	45	1,290
2016	송파구	숙박 및 음식점업	6,709	3,609	26,862	10,948	15,914	6,152	18,860	548	7,834	5	147	4	21	6,292	20,107	25	376	392	6,379
2016	송파구	출판 영상 방송통신 및 정보서비스업	720	121	20,701	15,217	5,484	199	510	497	19,068	22	1,121	2	2	676	6,340	25	13,468	19	893
2016	송파구	금융 및 보험업	477	67	8,203	3,934	4,269	36	84	366	5,696	75	2,423	-	-	137	818	10	1,419	330	5,966
2016	송파구	부동산업 및 임대업	2,555	862	13,476	8,596	4,880	1,822	3,482	487	7,373	26	658	220	1,963	2,427	8,298	62	4,135	66	1,043
2016	송파구	전문 과학 및 기술 서비스업	2,010	258	23,230	16,632	6,598	980	3,297	888	18,457	139	1,468	3	8	1,723	11,836	134	8,069	153	3,325
2016	송파구	사업시설관리 및 사업지원 서비스업	612	151	30,803	15,991	14,812	218	950	381	29,113	9	695	4	45	507	16,077	41	12,422	64	2,304
2016	송파구	공공행정 국방 및 사회보장 행정	69	11	5,538	3,707	1,831	-	-	-	-	69	5,538	-	-	68	5,316	1	222	-	-
2016	송파구	교육 서비스업	2,287	1,274	17,998	5,958	12,040	1,901	5,898	199	2,711	133	8,828	54	561	2,143	13,269	34	1,363	110	3,366
2016	송파구	보건업 및 사회복지 서비스업	1,639	713	22,319	5,030	17,289	1,456	9,466	11	148	75	10,340	97	2,365	1,593	13,402	11	400	35	8,517
2016	송파구	예술 스포츠 및 여가관련 서비스업	1,546	642	8,156	4,524	3,632	1,362	3,151	81	3,162	63	1,522	40	321	1,488	4,785	15	899	43	2,472
2016	송파구	협회 및 단체 수리 및 기타 개인서비스업	4,231	2,003	12,805	6,218	6,587	3,110	6,421	124	2,551	237	1,381	760	2,452	4,083	10,337	27	493	121	1,975
2016	강동구	합계	30,268	10,619	141,100	75,794	65,306	25,824	60,802	3,141	57,353	502	19,065	801	3,880	28,844	97,660	265	20,463	1,159	22,977
2016	강동구	농업 임업 및 어업	5	3	75	60	15	-	-	4	73	1	2	-	-	4	55	1	20	-	-
2016	강동구	광업	1	-	9	9	-	-	-	1	9	-	-	-	-	1	9	-	-	-	-
2016	강동구	제조업	1,582	405	6,244	3,300	2,944	1,399	4,126	179	2,067	4	51	-	-	1,546	5,241	23	455	13	548
2016	강동구	전기 가스 증기 및 수도사업	4	-	325	259	66	-	-	1	3	3	322	-	-	2	226	-	-	2	99
2016	강동구	하수폐기물처리 원료재생 및 환경복원업	13	2	257	207	50	1	5	10	248	2	4	-	-	12	202	1	55	-	-
2016	강동구	건설업	1,062	139	16,358	13,941	2,417	644	1,749	417	14,604	1	5	-	-	1,028	9,579	17	6,454	17	325
2016	강동구	도매 및 소매업	7,122	2,943	25,087	13,287	11,800	5,896	13,249	1,201	11,708	24	127	1	3	6,676	17,825	91	3,250	355	4,012
2016	강동구	운수업	5,689	221	9,965	9,362	603	5,598	5,977	62	3,401	29	587	-	-	5,647	8,789	3	435	39	741
2016	강동구	숙박 및 음식점업	4,869	2,747	15,387	6,018	9,369	4,674	13,178	186	2,160	5	25	4	24	4,716	13,553	11	94	142	1,740
2016	강동구	출판 영상 방송통신 및 정보서비스업	255	40	2,437	1,567	870	109	262	138	1,780	8	395	-	-	236	1,338	8	874	11	225
2016	강동구	금융 및 보험업	285	56	4,597	1,518	3,079	38	175	197	3,764	49	657	1	1	72	427	9	328	204	3,842
2016	강동구	부동산업 및 임대업	1,652	572	4,838	3,105	1,733	1,257	2,234	186	1,136	16	97	193	1,371	1,586	4,250	11	97	55	491
2016	강동구	전문 과학 및 기술 서비스업	612	93	5,631	4,054	1,577	376	1,082	203	4,320	32	227	1	2	532	2,351	32	2,838	48	442
2016	강동구	사업시설관리 및 사업지원 서비스업	346	92	9,851	5,231	4,620	172	668	163	8,834	9	337	2	12	282	4,467	26	3,678	38	1,706
2016	강동구	공공행정 국방 및 사회보장 행정	46	3	2,992	1,926	1,066	-	-	-	-	46	2,992	-	-	44	2,980	1	3	1	9
2016	강동구	교육 서비스업	1,475	804	10,803	3,261	7,542	1,266	3,596	102	1,567	92	5,559	15	81	1,382	7,878	13	950	80	1,975
2016	강동구	보건업 및 사회복지 서비스업	1,183	475	15,262	3,495	11,767	1,052	7,963	2	26	76	6,182	53	1,091	1,121	9,542	5	240	57	5,480
2016	강동구	예술 스포츠 및 여가관련 서비스업	910	406	3,197	1,709	1,488	855	2,090	29	286	23	802	3	19	882	2,435	5	91	23	671
2016	강동구	협회 및 단체 수리 및 기타 개인서비스업	3,157	1,618	7,785	3,485	4,300	2,487	4,448	60	1,367	82	694	528	1,276	3,075	6,513	8	601	74	671