기간	자치구	구분	합계	합계	합계	합계	합계	조직형태별	조직형태별	조직형태별	조직형태별	조직형태별	조직형태별	조직형태별	조직형태별	사업체구분별	사업체구분별	사업체구분별	사업체구분별	사업체구분별	사업체구분별
기간	자치구	구분	합계	합계	합계	합계	합계	개인	개인	회사법인	회사법인	회사이외의 법인	회사이외의 법인	비법인단체	비법인단체	단독	단독	본사본점 등	본사본점 등	공장지사(점)영업소	공장지사(점)영업소
기간	자치구	구분	사업체수	사업체수	종사자수	종사자수	종사자수	사업체수	종사자수	사업체수	종사자수	사업체수	종사자수	사업체수	종사자수	사업체수	종사자수	사업체수	종사자수	사업체수	종사자수
기간	자치구	구분	사업체수	여성대표자	계	남	여	사업체수	종사자수	사업체수	종사자수	사업체수	종사자수	사업체수	종사자수	사업체수	종사자수	사업체수	종사자수	사업체수	종사자수
2017	서울시	합계	822,863	278,152	5,119,913	2,848,150	2,271,763	628,981	1,582,451	153,609	2,730,632	19,458	681,386	20,815	125,444	766,329	3,253,437	16,088	1,121,605	40,446	744,871
2017	서울시	농업 임업 및 어업	29	6	469	381	88	-	-	21	231	8	238	-	-	23	139	4	319	2	11
2017	서울시	광업	21	2	66	58	8	-	-	21	66	-	-	-	-	17	54	4	12	-	-
2017	서울시	제조업	61,583	14,202	277,920	161,452	116,468	51,655	161,109	9,767	114,677	136	1,860	25	274	59,749	232,656	1,074	34,642	760	10,622
2017	서울시	전기 가스 증기 및 공기조절 공급업	139	8	5,576	4,399	1,177	13	21	88	2,758	37	2,792	1	5	78	579	11	1,769	50	3,228
2017	서울시	수도 하수 및 폐기물 처리 원료 재생업	445	51	8,963	7,636	1,327	60	197	291	6,245	94	2,521	-	-	391	7,646	25	848	29	469
2017	서울시	건설업	22,228	3,227	385,208	333,644	51,564	11,486	32,898	10,707	351,566	32	738	3	6	20,992	256,054	679	112,226	557	16,928
2017	서울시	도매 및 소매업	228,295	83,957	888,464	491,158	397,306	172,549	367,035	54,945	514,621	704	5,411	97	1,397	209,493	576,501	5,269	174,344	13,533	137,619
2017	서울시	운수 및 창고업	93,702	4,399	274,793	228,462	46,331	87,996	98,663	4,843	156,154	788	19,380	75	596	91,720	180,588	700	62,535	1,282	31,670
2017	서울시	숙박 및 음식점업	130,195	70,035	474,515	193,031	281,484	120,113	356,144	9,703	115,186	267	2,659	112	526	122,709	382,738	694	12,858	6,792	78,919
2017	서울시	정보통신업	23,206	3,731	345,030	238,472	106,558	6,752	18,283	15,915	310,313	463	16,005	76	429	21,498	212,831	846	99,729	862	32,470
2017	서울시	금융 및 보험업	11,165	1,754	268,252	136,278	131,974	1,677	3,855	7,959	228,758	1,470	35,403	59	236	5,066	45,013	631	109,941	5,468	113,298
2017	서울시	부동산업	39,677	12,883	158,593	102,731	55,862	28,041	50,573	7,062	70,928	476	5,073	4,098	32,019	37,983	118,616	540	25,506	1,154	14,471
2017	서울시	전문 과학 및 기술 서비스업	38,937	6,411	437,822	279,908	157,914	19,570	65,780	15,633	302,035	3,487	68,756	247	1,251	33,797	223,674	2,686	154,327	2,454	59,821
2017	서울시	사업시설 관리 사업 지원 및 임대 서비스업	15,950	4,502	478,382	235,606	242,776	6,355	18,763	9,064	450,172	283	7,085	248	2,362	13,306	205,536	1,113	221,777	1,531	51,069
2017	서울시	공공행정 국방 및 사회보장 행정	1,296	120	138,150	88,661	49,489	-	-	-	-	1,294	137,845	2	305	1,264	134,698	7	2,175	25	1,277
2017	서울시	교육 서비스업	34,762	18,575	341,732	131,623	210,109	26,689	78,134	4,221	58,335	2,952	196,807	900	8,456	31,625	198,895	663	58,011	2,474	84,826
2017	서울시	보건업 및 사회복지 서비스업	28,683	11,736	358,563	73,846	284,717	24,019	184,238	232	4,012	1,929	128,350	2,503	41,963	27,260	251,169	277	29,974	1,146	77,420
2017	서울시	예술 스포츠 및 여가관련 서비스업	22,913	9,302	86,452	46,830	39,622	20,163	46,916	1,502	17,504	744	19,650	504	2,382	21,987	66,946	178	4,900	748	14,606
2017	서울시	협회 및 단체 수리 및 기타 개인 서비스업	69,637	33,251	190,963	93,974	96,989	51,843	99,842	1,635	27,071	4,294	30,813	11,865	33,237	67,371	159,104	687	15,712	1,579	16,147
2017	종로구	합계	40,490	13,577	268,702	154,100	114,602	31,924	77,155	6,351	137,652	1,330	49,402	885	4,493	37,806	144,547	814	86,116	1,870	38,039
2017	종로구	농업 임업 및 어업	3	1	30	20	10	-	-	2	17	1	13	-	-	2	14	1	16	-	-
2017	종로구	광업	4	-	10	8	2	-	-	4	10	-	-	-	-	3	5	1	5	-	-
2017	종로구	제조업	4,450	1,182	13,078	7,516	5,562	4,182	10,698	263	2,365	4	7	1	8	4,384	12,032	39	815	27	231
2017	종로구	전기 가스 증기 및 공기조절 공급업	7	-	363	269	94	-	-	7	363	-	-	-	-	5	329	1	21	1	13
2017	종로구	수도 하수 및 폐기물 처리 원료 재생업	6	3	136	128	8	1	3	5	133	-	-	-	-	6	136	-	-	-	-
2017	종로구	건설업	339	42	30,754	27,162	3,592	195	427	144	30,327	-	-	-	-	311	2,005	18	25,510	10	3,239
2017	종로구	도매 및 소매업	17,025	5,789	44,263	25,103	19,160	14,778	26,262	2,192	17,668	48	259	7	74	16,221	33,483	251	5,404	553	5,376
2017	종로구	운수 및 창고업	1,350	96	6,818	5,010	1,808	956	1,505	367	4,872	23	396	4	45	1,257	3,553	46	2,566	47	699
2017	종로구	숙박 및 음식점업	6,724	3,559	26,577	10,525	16,052	6,058	19,182	630	7,143	30	214	6	38	6,224	20,524	49	461	451	5,592
2017	종로구	정보통신업	883	175	18,628	12,843	5,785	376	989	445	16,784	44	762	18	93	790	8,780	29	3,808	64	6,040
2017	종로구	금융 및 보험업	551	94	21,634	11,148	10,486	94	138	394	20,423	63	1,073	-	-	282	3,541	46	13,941	223	4,152
2017	종로구	부동산업	1,301	299	7,223	4,702	2,521	871	1,639	312	4,674	36	284	82	626	1,212	4,114	32	2,114	57	995
2017	종로구	전문 과학 및 기술 서비스업	1,499	311	20,315	11,876	8,439	809	5,858	485	11,677	169	2,659	36	121	1,313	11,062	96	6,890	90	2,363
2017	종로구	사업시설 관리 사업 지원 및 임대 서비스업	1,242	385	18,625	8,406	10,219	427	970	771	17,283	26	245	18	127	1,092	6,556	67	9,043	83	3,026
2017	종로구	공공행정 국방 및 사회보장 행정	90	13	16,504	11,526	4,978	-	-	-	-	90	16,504	-	-	88	16,485	-	-	2	19
2017	종로구	교육 서비스업	852	356	13,317	5,880	7,437	496	1,685	165	2,381	145	8,974	46	277	736	6,043	32	3,165	84	4,109
2017	종로구	보건업 및 사회복지 서비스업	732	264	15,954	4,167	11,787	581	3,514	7	46	84	11,437	60	957	676	5,301	16	9,891	40	762
2017	종로구	예술 스포츠 및 여가관련 서비스업	926	279	6,198	3,258	2,940	659	1,686	128	1,202	106	3,191	33	119	851	4,482	22	949	53	767
2017	종로구	협회 및 단체 수리 및 기타 개인 서비스업	2,506	729	8,275	4,553	3,722	1,441	2,599	30	284	461	3,384	574	2,008	2,353	6,102	68	1,517	85	656
2017	중구	합계	62,936	23,334	386,648	212,533	174,115	51,190	118,836	9,968	215,927	1,105	48,228	673	3,657	58,476	215,576	1,248	116,517	3,212	54,555
2017	중구	광업	2	-	3	3	-	-	-	2	3	-	-	-	-	2	3	-	-	-	-
2017	중구	제조업	9,947	2,022	30,475	20,097	10,378	9,124	24,584	803	5,727	18	156	2	8	9,808	28,832	68	1,244	71	399
2017	중구	전기 가스 증기 및 공기조절 공급업	5	1	689	538	151	1	2	1	2	3	685	-	-	2	4	-	-	3	685
2017	중구	수도 하수 및 폐기물 처리 원료 재생업	9	-	343	286	57	-	-	8	162	1	181	-	-	9	343	-	-	-	-
2017	중구	건설업	402	35	5,462	4,499	963	214	568	186	4,822	2	72	-	-	362	2,551	22	1,398	18	1,513
2017	중구	도매 및 소매업	32,867	14,981	97,809	48,191	49,618	29,160	55,870	3,670	41,752	32	172	5	15	31,154	67,583	413	17,325	1,300	12,901
2017	중구	운수 및 창고업	1,484	162	14,172	9,655	4,517	804	1,648	637	11,862	40	651	3	11	1,252	5,504	124	6,074	108	2,594
2017	중구	숙박 및 음식점업	6,141	3,135	31,793	13,469	18,324	5,312	17,911	802	13,382	21	460	6	40	5,514	21,313	54	3,882	573	6,598
2017	중구	정보통신업	929	164	25,116	17,708	7,408	359	816	537	23,508	27	723	6	69	831	9,762	54	13,599	44	1,755
2017	중구	금융 및 보험업	1,260	209	51,405	27,773	23,632	283	641	860	43,933	110	6,716	7	115	665	7,971	94	32,075	501	11,359
2017	중구	부동산업	1,661	370	8,913	5,974	2,939	1,015	2,030	516	5,808	38	369	92	706	1,521	5,642	50	1,552	90	1,719
2017	중구	전문 과학 및 기술 서비스업	2,698	479	35,960	21,839	14,121	1,737	5,175	779	27,179	160	3,334	22	272	2,402	14,298	167	17,175	129	4,487
2017	중구	사업시설 관리 사업 지원 및 임대 서비스업	1,484	356	36,580	18,600	17,980	498	1,227	948	34,922	23	355	15	76	1,222	16,750	109	15,455	153	4,375
2017	중구	공공행정 국방 및 사회보장 행정	63	5	18,145	11,693	6,452	-	-	-	-	63	18,145	-	-	61	17,559	1	455	1	131
2017	중구	교육 서비스업	454	220	8,307	3,929	4,378	236	595	93	1,042	98	6,463	27	207	363	2,974	20	2,993	71	2,340
2017	중구	보건업 및 사회복지 서비스업	734	227	9,437	2,206	7,231	600	3,940	8	82	72	4,768	54	647	687	5,990	13	1,494	34	1,953
2017	중구	예술 스포츠 및 여가관련 서비스업	574	199	3,546	1,794	1,752	455	1,016	60	1,060	45	1,416	14	54	526	2,518	10	76	38	952
2017	중구	협회 및 단체 수리 및 기타 개인 서비스업	2,222	769	8,493	4,279	4,214	1,392	2,813	58	681	352	3,562	420	1,437	2,095	5,979	49	1,720	78	794
2017	용산구	합계	20,806	7,021	133,260	73,658	59,602	15,130	36,035	4,605	72,282	595	20,681	476	4,262	18,968	76,137	538	35,298	1,300	21,825
2017	용산구	제조업	1,054	256	3,446	2,009	1,437	927	2,574	123	822	4	50	-	-	1,023	3,112	17	222	14	112
2017	용산구	전기 가스 증기 및 공기조절 공급업	4	1	11	7	4	1	1	3	10	-	-	-	-	3	7	1	4	-	-
2017	용산구	수도 하수 및 폐기물 처리 원료 재생업	11	1	142	122	20	3	6	7	134	1	2	-	-	10	111	-	-	1	31
2017	용산구	건설업	423	69	6,834	5,832	1,002	235	503	183	5,947	5	384	-	-	387	3,334	18	2,572	18	928
2017	용산구	도매 및 소매업	7,258	2,204	27,506	17,308	10,198	4,929	9,196	2,305	18,073	21	230	3	7	6,644	18,419	198	5,265	416	3,822
2017	용산구	운수 및 창고업	1,367	87	3,919	2,884	1,035	1,249	1,444	91	1,452	26	991	1	32	1,305	2,167	15	352	47	1,400
2017	용산구	숙박 및 음식점업	4,453	2,228	18,201	8,480	9,721	3,909	11,818	531	6,315	9	51	4	17	4,071	13,952	62	630	320	3,619
2017	용산구	정보통신업	525	99	9,492	6,637	2,855	188	462	311	8,156	23	864	3	10	478	3,969	21	3,886	26	1,637
2017	용산구	금융 및 보험업	292	41	5,921	2,555	3,366	39	76	208	4,709	44	1,131	1	5	90	593	20	1,662	182	3,666
2017	용산구	부동산업	1,083	376	4,426	2,950	1,476	815	1,343	141	1,813	13	80	114	1,190	1,038	3,018	19	1,038	26	370
2017	용산구	전문 과학 및 기술 서비스업	784	153	17,785	9,390	8,395	405	1,074	316	13,319	57	3,379	6	13	671	4,570	69	12,588	44	627
2017	용산구	사업시설 관리 사업 지원 및 임대 서비스업	348	99	10,838	5,335	5,503	127	902	210	9,590	8	155	3	191	273	5,173	31	3,806	44	1,859
2017	용산구	공공행정 국방 및 사회보장 행정	50	6	3,219	2,145	1,074	-	-	-	-	50	3,219	-	-	49	3,206	-	-	1	13
2017	용산구	교육 서비스업	539	315	7,297	2,361	4,936	353	987	71	737	93	5,299	22	274	462	3,850	17	2,276	60	1,171
2017	용산구	보건업 및 사회복지 서비스업	554	232	6,367	1,457	4,910	424	2,520	3	21	51	2,469	76	1,357	522	4,297	8	73	24	1,997
2017	용산구	예술 스포츠 및 여가관련 서비스업	410	153	2,188	1,154	1,034	333	777	40	405	21	929	16	77	392	1,850	5	232	13	106
2017	용산구	협회 및 단체 수리 및 기타 개인 서비스업	1,651	701	5,668	3,032	2,636	1,193	2,352	62	779	169	1,448	227	1,089	1,550	4,509	37	692	64	467
2017	성동구	합계	27,278	8,237	167,308	98,497	68,811	19,942	52,077	6,136	87,725	569	23,276	631	4,230	25,401	110,221	649	30,924	1,228	26,163
2017	성동구	농업 임업 및 어업	1	-	2	1	1	-	-	1	2	-	-	-	-	1	2	-	-	-	-
2017	성동구	제조업	4,612	914	28,130	17,730	10,400	3,556	13,312	1,042	14,693	12	116	2	9	4,363	21,895	156	4,807	93	1,428
2017	성동구	전기 가스 증기 및 공기조절 공급업	5	-	410	362	48	1	2	2	325	2	83	-	-	1	2	1	319	3	89
2017	성동구	수도 하수 및 폐기물 처리 원료 재생업	30	4	745	613	132	1	5	17	239	12	501	-	-	25	709	1	14	4	22
2017	성동구	건설업	649	107	5,981	4,940	1,041	325	913	323	5,053	1	15	-	-	602	4,637	22	836	25	508
2017	성동구	도매 및 소매업	7,250	2,192	32,412	19,729	12,683	4,813	10,723	2,416	21,552	19	132	2	5	6,643	21,288	232	7,463	375	3,661
2017	성동구	운수 및 창고업	2,683	130	8,295	7,288	1,007	2,529	3,065	113	3,112	37	2,095	4	23	2,617	5,483	16	285	50	2,527
2017	성동구	숙박 및 음식점업	3,786	2,063	11,744	4,765	6,979	3,568	9,830	205	1,857	10	43	3	14	3,633	10,394	6	91	147	1,259
2017	성동구	정보통신업	744	85	8,701	6,207	2,494	158	429	573	8,112	13	160	-	-	677	6,919	38	1,050	29	732
2017	성동구	금융 및 보험업	293	44	4,023	1,705	2,318	71	163	175	3,406	47	454	-	-	141	950	11	423	141	2,650
2017	성동구	부동산업	1,272	422	5,433	3,208	2,225	883	1,525	198	2,477	13	59	178	1,372	1,225	4,228	14	873	33	332
2017	성동구	전문 과학 및 기술 서비스업	1,199	192	11,663	7,458	4,205	549	1,723	572	8,407	71	1,478	7	55	1,029	6,724	79	3,631	91	1,308
2017	성동구	사업시설 관리 사업 지원 및 임대 서비스업	385	96	15,503	8,477	7,026	149	441	218	13,973	12	1,039	6	50	305	3,914	32	10,108	48	1,481
2017	성동구	공공행정 국방 및 사회보장 행정	47	2	4,373	3,062	1,311	-	-	-	-	47	4,373	-	-	46	4,353	-	-	1	20
2017	성동구	교육 서비스업	886	502	11,311	4,768	6,543	658	1,698	84	1,253	104	7,926	40	434	816	5,477	9	262	61	5,572
2017	성동구	보건업 및 사회복지 서비스업	743	325	8,357	1,828	6,529	611	4,141	6	70	38	2,869	88	1,277	719	5,727	1	22	23	2,608
2017	성동구	예술 스포츠 및 여가관련 서비스업	593	230	2,529	1,416	1,113	528	1,170	36	316	17	999	12	44	563	1,931	6	199	24	399
2017	성동구	협회 및 단체 수리 및 기타 개인 서비스업	2,100	929	7,696	4,940	2,756	1,542	2,937	155	2,878	114	934	289	947	1,995	5,588	25	541	80	1,567
2017	광진구	합계	24,688	8,912	125,170	69,037	56,133	20,194	50,644	3,389	50,153	471	20,946	634	3,427	23,280	88,746	319	15,612	1,089	20,812
2017	광진구	농업 임업 및 어업	1	-	3	1	2	-	-	-	-	1	3	-	-	1	3	-	-	-	-
2017	광진구	제조업	1,853	478	7,616	4,070	3,546	1,578	5,295	270	2,145	3	141	2	35	1,807	6,739	31	668	15	209
2017	광진구	전기 가스 증기 및 공기조절 공급업	2	-	3	3	-	1	2	-	-	1	1	-	-	1	2	-	-	1	1
2017	광진구	수도 하수 및 폐기물 처리 원료 재생업	16	2	240	215	25	1	19	10	128	5	93	-	-	14	211	-	-	2	29
2017	광진구	건설업	796	107	12,798	11,679	1,119	459	1,259	336	11,538	1	1	-	-	760	11,448	16	940	20	410
2017	광진구	도매 및 소매업	6,103	2,142	19,488	10,615	8,873	4,792	10,333	1,292	9,054	18	98	1	3	5,590	14,559	112	1,853	401	3,076
2017	광진구	운수 및 창고업	2,518	115	6,133	5,692	441	2,420	2,859	73	2,547	24	724	1	3	2,458	4,419	10	382	50	1,332
2017	광진구	숙박 및 음식점업	4,675	2,523	16,498	7,017	9,481	4,423	12,994	242	3,457	10	47	-	-	4,487	13,493	16	127	172	2,878
2017	광진구	정보통신업	391	77	3,791	2,390	1,401	144	404	237	2,368	10	1,019	-	-	359	2,885	10	412	22	494
2017	광진구	금융 및 보험업	223	35	4,579	2,381	2,198	38	79	147	3,968	38	532	-	-	93	783	13	506	117	3,290
2017	광진구	부동산업	1,201	462	3,241	2,083	1,158	937	1,456	137	804	9	46	118	935	1,175	2,876	12	167	14	198
2017	광진구	전문 과학 및 기술 서비스업	726	115	4,061	2,502	1,559	428	1,252	258	1,995	39	808	1	6	655	3,228	32	449	39	384
2017	광진구	사업시설 관리 사업 지원 및 임대 서비스업	440	127	9,998	5,783	4,215	220	584	215	9,282	4	131	1	1	366	4,735	28	4,289	46	974
2017	광진구	공공행정 국방 및 사회보장 행정	36	5	2,523	1,644	879	-	-	-	-	36	2,523	-	-	35	2,516	-	-	1	7
2017	광진구	교육 서비스업	1,159	613	14,191	6,079	8,112	911	2,550	98	1,116	111	10,184	39	341	1,053	5,806	20	5,188	86	3,197
2017	광진구	보건업 및 사회복지 서비스업	904	370	10,686	2,298	8,388	771	5,639	7	215	40	3,615	86	1,217	872	7,611	2	243	30	2,832
2017	광진구	예술 스포츠 및 여가관련 서비스업	1,052	474	3,746	2,022	1,724	984	2,120	34	1,084	26	522	8	20	1,024	2,330	5	194	23	1,222
2017	광진구	협회 및 단체 수리 및 기타 개인 서비스업	2,592	1,267	5,575	2,563	3,012	2,087	3,799	33	452	95	458	377	866	2,530	5,102	12	194	50	279
2017	동대문구	합계	32,411	10,677	142,842	76,058	66,784	27,573	65,270	3,520	43,990	575	28,794	743	4,788	31,051	103,039	350	16,364	1,010	23,439
2017	동대문구	광업	1	-	1	1	-	-	-	1	1	-	-	-	-	1	1	-	-	-	-
2017	동대문구	제조업	3,539	856	14,237	7,432	6,805	3,105	10,372	428	3,822	5	40	1	3	3,471	13,028	44	1,052	24	157
2017	동대문구	전기 가스 증기 및 공기조절 공급업	1	-	3	3	-	-	-	1	3	-	-	-	-	1	3	-	-	-	-
2017	동대문구	수도 하수 및 폐기물 처리 원료 재생업	17	-	147	130	17	3	8	7	120	7	19	-	-	16	144	-	-	1	3
2017	동대문구	건설업	775	102	6,270	5,327	943	499	1,340	274	4,798	2	132	-	-	761	5,940	8	126	6	204
2017	동대문구	도매 및 소매업	11,272	3,640	31,474	18,568	12,906	9,543	19,137	1,699	12,156	28	177	2	4	10,788	26,050	148	2,058	336	3,366
2017	동대문구	운수 및 창고업	3,602	157	6,889	6,339	550	3,509	4,154	65	1,329	20	1,278	8	128	3,569	5,453	3	43	30	1,393
2017	동대문구	숙박 및 음식점업	4,909	2,843	14,047	5,478	8,569	4,733	12,394	169	1,579	5	51	2	23	4,775	12,723	13	108	121	1,216
2017	동대문구	정보통신업	277	49	1,855	1,064	791	156	366	104	1,114	16	371	1	4	256	1,151	7	132	14	572
2017	동대문구	금융 및 보험업	292	39	5,002	1,680	3,322	39	70	190	4,350	63	582	-	-	79	828	14	273	199	3,901
2017	동대문구	부동산업	1,309	412	4,589	3,167	1,422	1,047	1,801	117	1,615	20	107	125	1,066	1,277	3,756	9	623	23	210
2017	동대문구	전문 과학 및 기술 서비스업	591	96	7,425	5,037	2,388	368	1,146	155	4,215	52	1,998	16	66	519	3,134	39	3,444	33	847
2017	동대문구	사업시설 관리 사업 지원 및 임대 서비스업	441	130	9,109	4,478	4,631	225	527	196	7,301	11	1,248	9	33	364	3,482	26	4,982	51	645
2017	동대문구	공공행정 국방 및 사회보장 행정	50	1	4,267	2,658	1,609	-	-	-	-	50	4,267	-	-	50	4,267	-	-	-	-
2017	동대문구	교육 서비스업	985	524	15,117	6,832	8,285	769	2,145	56	978	123	11,563	37	431	899	6,976	14	2,944	72	5,197
2017	동대문구	보건업 및 사회복지 서비스업	1,006	400	14,693	3,707	10,986	846	7,002	4	22	47	5,899	109	1,770	972	9,441	5	287	29	4,965
2017	동대문구	예술 스포츠 및 여가관련 서비스업	749	290	2,376	1,269	1,107	696	1,597	21	134	17	568	15	77	726	1,833	6	187	17	356
2017	동대문구	협회 및 단체 수리 및 기타 개인 서비스업	2,595	1,138	5,341	2,888	2,453	2,035	3,211	33	453	109	494	418	1,183	2,527	4,829	14	105	54	407
2017	중랑구	합계	28,045	9,343	102,758	53,237	49,521	24,967	59,360	1,867	25,574	418	14,602	793	3,222	27,101	83,829	148	6,667	796	12,262
2017	중랑구	광업	1	1	3	2	1	-	-	1	3	-	-	-	-	1	3	-	-	-	-
2017	중랑구	제조업	3,578	1,086	16,259	6,798	9,461	3,345	14,010	223	2,123	9	100	1	26	3,526	15,682	21	282	31	295
2017	중랑구	전기 가스 증기 및 공기조절 공급업	6	-	123	80	43	1	1	4	39	1	83	-	-	5	40	-	-	1	83
2017	중랑구	수도 하수 및 폐기물 처리 원료 재생업	20	2	214	186	28	5	12	11	193	4	9	-	-	19	201	-	-	1	13
2017	중랑구	건설업	920	114	5,503	4,723	780	668	1,885	251	3,609	1	9	-	-	895	4,883	13	479	12	141
2017	중랑구	도매 및 소매업	5,416	2,094	16,124	8,536	7,588	4,670	10,053	732	5,669	12	398	2	4	5,083	12,489	47	871	286	2,764
2017	중랑구	운수 및 창고업	6,412	232	13,473	12,808	665	6,306	6,812	88	6,019	18	642	-	-	6,371	11,618	6	642	35	1,213
2017	중랑구	숙박 및 음식점업	4,154	2,493	10,944	4,062	6,882	4,071	9,979	77	945	3	11	3	9	4,089	10,069	4	43	61	832
2017	중랑구	정보통신업	134	25	1,118	650	468	67	190	60	726	7	202	-	-	119	640	2	83	13	395
2017	중랑구	금융 및 보험업	150	21	1,713	678	1,035	35	89	68	1,048	47	576	-	-	59	281	10	158	81	1,274
2017	중랑구	부동산업	1,061	377	2,757	1,745	1,012	857	1,366	68	677	7	51	129	663	1,028	2,181	5	353	28	223
2017	중랑구	전문 과학 및 기술 서비스업	320	53	1,626	999	627	219	637	73	808	25	168	3	13	283	948	11	469	26	209
2017	중랑구	사업시설 관리 사업 지원 및 임대 서비스업	308	75	2,832	1,666	1,166	178	506	113	2,167	9	100	8	59	250	1,286	9	637	49	909
2017	중랑구	공공행정 국방 및 사회보장 행정	47	6	3,350	2,224	1,126	-	-	-	-	47	3,350	-	-	47	3,350	-	-	-	-
2017	중랑구	교육 서비스업	922	552	7,863	2,466	5,397	770	2,180	51	947	72	4,478	29	258	863	5,435	9	857	50	1,571
2017	중랑구	보건업 및 사회복지 서비스업	985	439	11,586	2,065	9,521	852	6,787	3	72	59	3,841	71	886	937	8,167	7	1,762	41	1,657
2017	중랑구	예술 스포츠 및 여가관련 서비스업	896	369	2,302	1,222	1,080	816	1,667	11	113	22	315	47	207	878	1,953	-	-	18	349
2017	중랑구	협회 및 단체 수리 및 기타 개인 서비스업	2,715	1,404	4,968	2,327	2,641	2,107	3,186	33	416	75	269	500	1,097	2,648	4,603	4	31	63	334
2017	성북구	합계	24,039	8,878	108,991	53,234	55,757	20,844	51,126	1,768	24,719	665	28,956	762	4,190	23,003	78,554	193	13,013	843	17,424
2017	성북구	제조업	2,424	660	9,199	4,188	5,011	2,305	8,080	117	1,115	2	4	-	-	2,406	8,864	11	268	7	67
2017	성북구	전기 가스 증기 및 공기조절 공급업	5	-	11	10	1	1	1	4	10	-	-	-	-	4	6	-	-	1	5
2017	성북구	수도 하수 및 폐기물 처리 원료 재생업	11	2	177	157	20	3	4	7	171	1	2	-	-	11	177	-	-	-	-
2017	성북구	건설업	569	71	4,093	3,465	628	401	1,083	166	2,963	2	47	-	-	550	3,520	9	397	10	176
2017	성북구	도매 및 소매업	4,927	1,945	15,313	7,785	7,528	4,261	9,689	652	5,557	14	67	-	-	4,635	12,154	54	935	238	2,224
2017	성북구	운수 및 창고업	3,520	156	6,708	6,347	361	3,466	3,736	42	2,821	11	150	1	1	3,501	5,891	5	658	14	159
2017	성북구	숙박 및 음식점업	4,415	2,490	12,731	5,088	7,643	4,235	11,181	168	1,472	10	66	2	12	4,284	11,455	10	101	121	1,175
2017	성북구	정보통신업	234	45	1,756	1,090	666	116	317	101	979	16	457	1	3	216	1,436	3	30	15	290
2017	성북구	금융 및 보험업	151	22	1,600	707	893	24	56	74	1,078	52	464	1	2	47	252	10	91	94	1,257
2017	성북구	부동산업	1,099	428	2,673	1,694	979	889	1,255	65	449	20	69	125	900	1,068	2,346	6	40	25	287
2017	성북구	전문 과학 및 기술 서비스업	456	74	3,954	2,416	1,538	263	679	141	1,565	37	1,657	15	53	410	1,795	16	1,739	30	420
2017	성북구	사업시설 관리 사업 지원 및 임대 서비스업	262	91	5,601	2,924	2,677	164	553	90	4,962	7	85	1	1	232	2,631	14	2,344	16	626
2017	성북구	공공행정 국방 및 사회보장 행정	52	7	3,915	2,514	1,401	-	-	-	-	52	3,915	-	-	51	3,911	-	-	1	4
2017	성북구	교육 서비스업	1,372	783	20,652	8,473	12,179	1,076	3,050	89	973	183	16,486	24	143	1,214	7,854	17	5,884	141	6,914
2017	성북구	보건업 및 사회복지 서비스업	1,065	481	12,533	2,333	10,200	831	6,362	7	200	125	4,440	102	1,531	997	9,081	11	212	57	3,240
2017	성북구	예술 스포츠 및 여가관련 서비스업	735	280	2,130	1,211	919	671	1,498	25	188	29	422	10	22	704	1,731	3	24	28	375
2017	성북구	협회 및 단체 수리 및 기타 개인 서비스업	2,742	1,343	5,945	2,832	3,113	2,138	3,582	20	216	104	625	480	1,522	2,673	5,450	24	290	45	205
2017	강북구	합계	18,928	6,992	71,752	33,422	38,330	16,747	40,469	1,155	17,279	345	10,151	681	3,853	18,158	58,585	95	2,023	675	11,144
2017	강북구	제조업	1,541	410	6,621	2,872	3,749	1,468	5,771	71	804	2	46	-	-	1,523	6,316	10	217	8	88
2017	강북구	전기 가스 증기 및 공기조절 공급업	1	-	80	56	24	-	-	-	-	1	80	-	-	-	-	-	-	1	80
2017	강북구	수도 하수 및 폐기물 처리 원료 재생업	9	1	326	286	40	1	1	7	163	1	162	-	-	9	326	-	-	-	-
2017	강북구	건설업	498	60	2,057	1,695	362	377	885	121	1,172	-	-	-	-	490	1,974	3	12	5	71
2017	강북구	도매 및 소매업	3,857	1,609	10,768	5,324	5,444	3,427	7,597	407	3,095	14	61	9	15	3,623	8,721	32	333	202	1,714
2017	강북구	운수 및 창고업	3,192	129	6,822	6,498	324	3,136	3,429	33	3,131	14	235	9	27	3,167	5,676	4	704	21	442
2017	강북구	숙박 및 음식점업	3,681	2,146	10,569	4,091	6,478	3,589	9,476	79	1,035	9	48	4	10	3,612	9,669	2	15	67	885
2017	강북구	정보통신업	101	17	715	417	298	51	145	39	450	10	119	1	1	86	364	4	59	11	292
2017	강북구	금융 및 보험업	253	65	4,027	970	3,057	59	184	165	3,488	29	355	-	-	84	463	3	71	166	3,493
2017	강북구	부동산업	789	299	1,776	1,117	659	660	1,030	48	298	7	21	74	427	770	1,640	4	30	15	106
2017	강북구	전문 과학 및 기술 서비스업	275	43	1,123	607	516	216	717	39	250	20	156	-	-	248	894	8	72	19	157
2017	강북구	사업시설 관리 사업 지원 및 임대 서비스업	218	75	3,321	1,234	2,087	132	402	75	2,543	4	39	7	337	184	2,219	7	118	27	984
2017	강북구	공공행정 국방 및 사회보장 행정	44	1	2,750	1,767	983	-	-	-	-	44	2,750	-	-	43	2,745	-	-	1	5
2017	강북구	교육 서비스업	683	387	5,729	1,835	3,894	562	1,431	32	468	65	3,638	24	192	632	3,757	8	308	43	1,664
2017	강북구	보건업 및 사회복지 서비스업	816	310	8,573	1,551	7,022	629	5,052	2	6	57	1,685	128	1,830	778	8,054	3	17	35	502
2017	강북구	예술 스포츠 및 여가관련 서비스업	721	326	1,972	1,062	910	671	1,366	16	98	23	487	11	21	695	1,502	1	3	25	467
2017	강북구	협회 및 단체 수리 및 기타 개인 서비스업	2,249	1,114	4,523	2,040	2,483	1,769	2,983	21	278	45	269	414	993	2,214	4,265	6	64	29	194
2017	도봉구	합계	18,351	6,324	70,503	36,085	34,418	16,145	36,624	1,116	17,333	316	11,907	774	4,639	17,716	59,519	78	1,848	557	9,136
2017	도봉구	농업 임업 및 어업	1	-	2	1	1	-	-	1	2	-	-	-	-	1	2	-	-	-	-
2017	도봉구	제조업	1,090	295	4,556	2,126	2,430	1,010	3,762	76	745	4	49	-	-	1,081	4,443	4	50	5	63
2017	도봉구	수도 하수 및 폐기물 처리 원료 재생업	9	3	116	92	24	1	5	8	111	-	-	-	-	8	113	-	-	1	3
2017	도봉구	건설업	492	86	3,150	2,460	690	359	1,012	132	2,132	1	6	-	-	479	2,857	5	74	8	219
2017	도봉구	도매 및 소매업	3,500	1,420	10,915	5,466	5,449	3,055	7,044	421	3,687	21	176	3	8	3,285	8,393	18	197	197	2,325
2017	도봉구	운수 및 창고업	4,502	127	9,543	9,096	447	4,443	4,607	48	4,764	11	172	-	-	4,483	8,819	2	350	17	374
2017	도봉구	숙박 및 음식점업	2,732	1,619	7,514	2,826	4,688	2,655	6,756	70	670	7	88	-	-	2,675	6,971	5	44	52	499
2017	도봉구	정보통신업	87	12	709	487	222	50	140	29	235	7	331	1	3	80	613	1	4	6	92
2017	도봉구	금융 및 보험업	136	24	1,320	534	786	52	198	61	801	23	321	-	-	64	279	3	82	69	959
2017	도봉구	부동산업	785	318	2,609	1,651	958	595	941	40	706	4	26	146	936	763	2,136	1	287	21	186
2017	도봉구	전문 과학 및 기술 서비스업	325	53	1,785	1,029	756	260	944	42	635	21	194	2	12	293	1,147	12	404	20	234
2017	도봉구	사업시설 관리 사업 지원 및 임대 서비스업	172	60	1,352	755	597	90	259	77	1,064	4	26	1	3	146	814	5	169	21	369
2017	도봉구	공공행정 국방 및 사회보장 행정	39	1	3,605	2,178	1,427	-	-	-	-	39	3,605	-	-	39	3,605	-	-	-	-
2017	도봉구	교육 서비스업	960	559	7,423	2,368	5,055	791	1,900	62	820	69	4,266	38	437	898	5,362	9	46	53	2,015
2017	도봉구	보건업 및 사회복지 서비스업	845	403	9,640	1,736	7,904	653	5,317	6	119	65	2,043	121	2,161	788	8,663	6	66	51	911
2017	도봉구	예술 스포츠 및 여가관련 서비스업	620	285	1,903	995	908	583	1,332	10	71	7	398	20	102	608	1,501	2	9	10	393
2017	도봉구	협회 및 단체 수리 및 기타 개인 서비스업	2,056	1,059	4,361	2,285	2,076	1,548	2,407	33	771	33	206	442	977	2,025	3,801	5	66	26	494
2017	노원구	합계	26,516	9,401	117,859	55,762	62,097	22,865	54,088	2,077	29,902	565	26,327	1,009	7,542	25,146	86,951	158	7,251	1,212	23,657
2017	노원구	농업 임업 및 어업	1	-	2	1	1	-	-	-	-	1	2	-	-	-	-	-	-	1	2
2017	노원구	제조업	848	207	4,042	2,158	1,884	693	2,385	148	1,430	5	123	2	104	816	3,529	23	356	9	157
2017	노원구	전기 가스 증기 및 공기조절 공급업	4	-	214	182	32	-	-	1	79	3	135	-	-	-	-	-	-	4	214
2017	노원구	수도 하수 및 폐기물 처리 원료 재생업	13	3	162	138	24	1	2	12	160	-	-	-	-	12	110	-	-	1	52
2017	노원구	건설업	538	107	2,431	1,926	505	397	1,041	141	1,390	-	-	-	-	531	2,334	3	31	4	66
2017	노원구	도매 및 소매업	5,084	2,301	15,534	7,018	8,516	4,327	10,147	732	5,263	20	111	5	13	4,646	11,830	34	382	404	3,322
2017	노원구	운수 및 창고업	6,550	259	12,677	12,039	638	6,449	6,602	62	5,243	37	824	2	8	6,497	10,057	7	703	46	1,917
2017	노원구	숙박 및 음식점업	4,143	2,302	14,211	5,565	8,646	3,954	11,742	172	2,395	9	46	8	28	3,997	12,160	6	53	140	1,998
2017	노원구	정보통신업	168	44	1,233	738	495	68	160	86	793	13	278	1	2	153	856	-	-	15	377
2017	노원구	금융 및 보험업	243	47	4,315	1,324	2,991	30	95	181	3,759	31	451	1	10	48	514	2	13	193	3,788
2017	노원구	부동산업	1,198	457	4,574	3,053	1,521	843	1,501	67	609	14	148	274	2,316	1,162	4,228	4	57	32	289
2017	노원구	전문 과학 및 기술 서비스업	420	81	2,339	1,413	926	262	757	123	1,001	34	580	1	1	370	1,702	17	238	33	399
2017	노원구	사업시설 관리 사업 지원 및 임대 서비스업	313	115	5,110	2,586	2,524	178	490	112	4,320	7	153	16	147	275	3,417	14	1,025	24	668
2017	노원구	공공행정 국방 및 사회보장 행정	38	4	3,042	1,867	1,175	-	-	-	-	38	3,042	-	-	37	2,982	-	-	1	60
2017	노원구	교육 서비스업	1,951	1,029	21,222	8,393	12,829	1,570	4,989	167	2,483	172	13,208	42	542	1,767	13,068	26	1,900	158	6,254
2017	노원구	보건업 및 사회복지 서비스업	1,468	709	18,404	3,357	15,047	1,222	8,424	12	346	113	6,618	121	3,016	1,369	12,443	15	2,419	84	3,542
2017	노원구	예술 스포츠 및 여가관련 서비스업	921	381	2,852	1,604	1,248	861	2,164	28	173	17	425	15	90	899	2,593	2	12	20	247
2017	노원구	협회 및 단체 수리 및 기타 개인 서비스업	2,615	1,355	5,495	2,400	3,095	2,010	3,589	33	458	51	183	521	1,265	2,567	5,128	5	62	43	305
2017	은평구	합계	24,561	9,413	88,818	41,845	46,973	21,442	47,784	1,689	20,204	547	16,567	883	4,263	23,485	70,645	152	4,325	924	13,848
2017	은평구	제조업	957	258	3,266	1,704	1,562	849	2,392	99	755	9	119	-	-	934	2,907	9	157	14	202
2017	은평구	전기 가스 증기 및 공기조절 공급업	6	1	160	129	31	1	1	1	64	4	95	-	-	3	4	-	-	3	156
2017	은평구	수도 하수 및 폐기물 처리 원료 재생업	13	3	206	185	21	3	6	10	200	-	-	-	-	12	179	-	-	1	27
2017	은평구	건설업	645	108	4,092	3,412	680	392	916	250	3,166	3	10	-	-	630	3,891	8	96	7	105
2017	은평구	도매 및 소매업	5,121	2,272	15,605	7,182	8,423	4,458	10,012	634	4,965	26	617	3	11	4,717	11,620	46	809	358	3,176
2017	은평구	운수 및 창고업	4,990	188	8,482	8,031	451	4,925	5,128	43	2,991	19	357	3	6	4,959	6,765	5	1,030	26	687
2017	은평구	숙박 및 음식점업	4,178	2,450	11,781	4,518	7,263	4,015	10,100	142	1,594	15	73	6	14	4,056	10,384	7	55	115	1,342
2017	은평구	정보통신업	149	38	1,246	897	349	81	184	52	790	14	268	2	4	139	796	1	226	9	224
2017	은평구	금융 및 보험업	170	33	2,437	703	1,734	25	54	97	1,865	48	518	-	-	37	185	12	163	121	2,089
2017	은평구	부동산업	1,409	585	3,296	1,888	1,408	1,158	1,708	77	514	21	82	153	992	1,384	3,055	5	62	20	179
2017	은평구	전문 과학 및 기술 서비스업	347	61	1,510	857	653	257	677	63	571	24	255	3	7	320	1,249	10	117	17	144
2017	은평구	사업시설 관리 사업 지원 및 임대 서비스업	229	70	1,694	948	746	132	295	85	1,206	8	183	4	10	196	912	8	381	25	401
2017	은평구	공공행정 국방 및 사회보장 행정	53	3	4,042	2,603	1,439	-	-	-	-	53	4,042	-	-	50	3,537	1	419	2	86
2017	은평구	교육 서비스업	1,430	847	9,983	2,907	7,076	1,213	3,103	68	752	121	5,943	28	185	1,343	6,920	18	563	69	2,500
2017	은평구	보건업 및 사회복지 서비스업	1,170	546	13,259	2,261	10,998	965	8,165	3	71	99	3,399	103	1,624	1,090	11,238	15	101	65	1,920
2017	은평구	예술 스포츠 및 여가관련 서비스업	814	348	2,216	1,210	1,006	747	1,520	34	293	15	316	18	87	794	1,822	5	130	15	264
2017	은평구	협회 및 단체 수리 및 기타 개인 서비스업	2,880	1,602	5,543	2,410	3,133	2,221	3,523	31	407	68	290	560	1,323	2,821	5,181	2	16	57	346
2017	서대문구	합계	19,852	7,417	111,117	55,668	55,449	16,323	37,822	2,194	34,583	660	35,299	675	3,413	18,563	66,335	225	13,977	1,064	30,805
2017	서대문구	농업 임업 및 어업	1	1	1	-	1	-	-	1	1	-	-	-	-	1	1	-	-	-	-
2017	서대문구	제조업	754	206	2,721	1,471	1,250	655	1,826	93	802	4	89	2	4	730	2,371	7	132	17	218
2017	서대문구	전기 가스 증기 및 공기조절 공급업	2	-	51	11	40	1	2	1	49	-	-	-	-	2	51	-	-	-	-
2017	서대문구	수도 하수 및 폐기물 처리 원료 재생업	14	3	574	426	148	4	17	8	166	2	391	-	-	13	525	1	49	-	-
2017	서대문구	건설업	502	88	4,062	3,609	453	356	925	144	3,132	2	5	-	-	494	3,368	3	604	5	90
2017	서대문구	도매 및 소매업	4,071	1,672	14,505	7,542	6,963	3,406	7,290	639	7,013	25	200	1	2	3,722	8,777	55	3,248	294	2,480
2017	서대문구	운수 및 창고업	2,881	111	6,195	5,791	404	2,790	2,992	79	3,060	10	134	2	9	2,860	5,784	6	270	15	141
2017	서대문구	숙박 및 음식점업	4,337	2,315	14,107	5,762	8,345	4,018	10,875	300	3,147	15	69	4	16	4,079	11,507	17	170	241	2,430
2017	서대문구	정보통신업	416	102	2,852	1,803	1,049	225	479	167	1,959	20	407	4	7	387	2,258	9	230	20	364
2017	서대문구	금융 및 보험업	213	37	4,796	2,482	2,314	25	36	139	4,205	48	552	1	3	67	745	16	1,751	130	2,300
2017	서대문구	부동산업	989	378	2,594	1,637	957	770	1,221	87	592	27	86	105	695	954	2,243	10	138	25	213
2017	서대문구	전문 과학 및 기술 서비스업	568	141	5,884	2,861	3,023	333	1,024	179	2,291	45	2,538	11	31	512	2,324	27	2,310	29	1,250
2017	서대문구	사업시설 관리 사업 지원 및 임대 서비스업	450	150	7,011	3,672	3,339	235	519	207	6,402	4	43	4	47	390	3,468	22	2,204	38	1,339
2017	서대문구	공공행정 국방 및 사회보장 행정	44	1	5,428	3,357	2,071	-	-	-	-	44	5,428	-	-	43	5,293	1	135	-	-
2017	서대문구	교육 서비스업	1,078	593	18,919	8,508	10,411	802	2,356	97	1,454	149	14,839	30	270	925	5,835	24	1,856	129	11,228
2017	서대문구	보건업 및 사회복지 서비스업	781	297	14,639	3,523	11,116	600	3,958	6	70	90	9,584	85	1,027	718	5,644	12	618	51	8,377
2017	서대문구	예술 스포츠 및 여가관련 서비스업	587	250	1,788	954	834	528	1,406	32	155	14	177	13	50	562	1,616	3	22	22	150
2017	서대문구	협회 및 단체 수리 및 기타 개인 서비스업	2,164	1,072	4,990	2,259	2,731	1,575	2,896	15	85	161	757	413	1,252	2,104	4,525	12	240	48	225
2017	마포구	합계	36,325	12,245	247,999	134,707	113,292	25,508	67,555	9,022	151,117	973	24,262	822	5,065	33,457	161,075	942	57,158	1,926	29,766
2017	마포구	제조업	1,336	349	5,121	2,751	2,370	1,079	3,012	254	2,092	3	17	-	-	1,301	4,368	21	701	14	52
2017	마포구	전기 가스 증기 및 공기조절 공급업	8	-	425	357	68	-	-	4	168	4	257	-	-	3	8	-	-	5	417
2017	마포구	수도 하수 및 폐기물 처리 원료 재생업	22	3	307	281	26	1	6	10	204	11	97	-	-	22	307	-	-	-	-
2017	마포구	건설업	1,084	181	16,287	13,764	2,523	485	1,664	598	14,622	1	1	-	-	1,015	12,814	39	2,766	30	707
2017	마포구	도매 및 소매업	7,664	2,720	33,868	17,931	15,937	5,099	11,470	2,523	22,171	40	218	2	9	6,795	20,684	275	7,257	594	5,927
2017	마포구	운수 및 창고업	2,947	201	11,967	8,567	3,400	2,304	2,590	606	8,247	34	1,122	3	8	2,817	8,384	74	2,374	56	1,209
2017	마포구	숙박 및 음식점업	8,139	3,686	28,793	13,255	15,538	7,432	22,390	681	6,283	14	62	12	58	7,652	24,131	66	660	421	4,002
2017	마포구	정보통신업	2,469	461	34,801	22,597	12,204	953	2,753	1,464	30,762	45	1,259	7	27	2,331	20,865	82	10,864	56	3,072
2017	마포구	금융 및 보험업	497	84	11,322	5,363	5,959	52	90	378	10,019	65	1,206	2	7	209	2,191	35	2,835	253	6,296
2017	마포구	부동산업	1,755	559	5,588	3,593	1,995	1,289	2,178	285	2,089	24	186	157	1,135	1,673	4,703	20	318	62	567
2017	마포구	전문 과학 및 기술 서비스업	2,460	519	19,824	12,417	7,407	1,238	3,431	1,065	14,991	149	1,377	8	25	2,211	11,030	149	7,620	100	1,174
2017	마포구	사업시설 관리 사업 지원 및 임대 서비스업	1,072	310	35,339	16,396	18,943	329	1,098	716	33,725	16	422	11	94	934	18,563	72	15,354	66	1,422
2017	마포구	공공행정 국방 및 사회보장 행정	58	7	4,599	2,772	1,827	-	-	-	-	58	4,599	-	-	56	4,132	-	-	2	467
2017	마포구	교육 서비스업	1,609	846	15,681	6,165	9,516	1,216	3,866	229	3,294	121	7,950	43	571	1,469	9,301	29	4,007	111	2,373
2017	마포구	보건업 및 사회복지 서비스업	1,182	490	10,593	1,778	8,815	982	6,337	15	197	87	2,410	98	1,649	1,115	8,579	19	1,194	48	820
2017	마포구	예술 스포츠 및 여가관련 서비스업	1,000	382	4,257	2,397	1,860	819	2,118	130	1,137	27	916	24	86	937	3,321	15	481	48	455
2017	마포구	협회 및 단체 수리 및 기타 개인 서비스업	3,023	1,447	9,227	4,323	4,904	2,230	4,552	64	1,116	274	2,163	455	1,396	2,917	7,694	46	727	60	806
2017	양천구	합계	26,077	9,626	119,943	63,780	56,163	21,799	52,609	2,940	42,126	464	20,047	874	5,161	24,770	92,952	259	9,587	1,048	17,404
2017	양천구	제조업	1,190	325	5,294	2,624	2,670	1,036	3,569	152	1,701	2	24	-	-	1,164	4,837	16	354	10	103
2017	양천구	전기 가스 증기 및 공기조절 공급업	2	-	270	214	56	-	-	-	-	2	270	-	-	-	-	1	186	1	84
2017	양천구	수도 하수 및 폐기물 처리 원료 재생업	21	2	457	379	78	2	4	17	301	2	152	-	-	17	367	2	9	2	81
2017	양천구	건설업	840	134	9,741	8,359	1,382	524	1,600	316	8,141	-	-	-	-	819	7,564	15	2,102	6	75
2017	양천구	도매 및 소매업	5,432	2,210	17,338	8,942	8,396	4,410	10,060	998	7,115	22	146	2	17	5,032	13,167	64	936	336	3,235
2017	양천구	운수 및 창고업	4,894	290	12,935	11,941	994	4,676	5,112	203	6,907	15	916	-	-	4,852	10,651	16	993	26	1,291
2017	양천구	숙박 및 음식점업	3,566	2,081	11,585	4,310	7,275	3,376	9,471	181	2,081	6	19	3	14	3,410	9,832	7	26	149	1,727
2017	양천구	정보통신업	283	60	5,010	3,447	1,563	109	353	161	3,945	11	658	2	54	253	2,241	14	2,319	16	450
2017	양천구	금융 및 보험업	207	33	2,486	1,000	1,486	29	68	140	1,959	38	459	-	-	63	222	7	97	137	2,167
2017	양천구	부동산업	1,242	543	3,647	2,330	1,317	949	1,474	113	666	7	61	173	1,446	1,189	3,163	12	78	41	406
2017	양천구	전문 과학 및 기술 서비스업	695	110	3,049	1,689	1,360	490	1,523	146	988	55	528	4	10	619	2,311	32	374	44	364
2017	양천구	사업시설 관리 사업 지원 및 임대 서비스업	315	107	4,694	3,035	1,659	146	414	153	3,982	9	217	7	81	264	2,630	23	918	28	1,146
2017	양천구	공공행정 국방 및 사회보장 행정	48	4	6,153	3,659	2,494	-	-	-	-	47	5,893	1	260	47	6,117	-	-	1	36
2017	양천구	교육 서비스업	2,366	1,260	15,026	4,932	10,094	1,979	5,423	255	3,288	99	5,984	33	331	2,203	11,526	26	648	137	2,852
2017	양천구	보건업 및 사회복지 서비스업	1,213	555	13,177	2,500	10,677	1,026	7,706	17	250	58	3,656	112	1,565	1,165	10,380	7	251	41	2,546
2017	양천구	예술 스포츠 및 여가관련 서비스업	935	413	3,097	1,662	1,435	850	2,015	42	373	19	501	24	208	904	2,633	5	44	26	420
2017	양천구	협회 및 단체 수리 및 기타 개인 서비스업	2,828	1,499	5,984	2,757	3,227	2,197	3,817	46	429	72	563	513	1,175	2,769	5,311	12	252	47	421
2017	강서구	합계	36,556	12,762	234,394	130,005	104,389	28,310	70,367	6,333	136,604	700	20,739	1,213	6,684	34,158	141,577	539	54,312	1,859	38,505
2017	강서구	농업 임업 및 어업	1	-	30	27	3	-	-	-	-	1	30	-	-	1	30	-	-	-	-
2017	강서구	제조업	1,258	311	7,027	3,937	3,090	938	3,110	317	3,845	3	72	-	-	1,214	5,912	23	748	21	367
2017	강서구	전기 가스 증기 및 공기조절 공급업	6	1	426	355	71	1	1	3	339	2	86	-	-	2	2	1	303	3	121
2017	강서구	수도 하수 및 폐기물 처리 원료 재생업	42	3	639	551	88	7	42	28	580	7	17	-	-	34	542	2	15	6	82
2017	강서구	건설업	1,135	162	13,334	11,574	1,760	540	1,530	594	11,799	1	5	-	-	1,068	11,685	29	972	38	677
2017	강서구	도매 및 소매업	8,713	3,233	34,665	18,923	15,742	6,254	14,985	2,427	19,439	30	223	2	18	7,939	25,284	146	3,321	628	6,060
2017	강서구	운수 및 창고업	7,095	400	53,820	35,515	18,305	6,323	7,012	706	45,125	65	1,680	1	3	6,858	17,766	95	32,083	142	3,971
2017	강서구	숙박 및 음식점업	5,651	3,204	20,057	7,532	12,525	5,307	15,713	335	4,290	4	25	5	29	5,389	16,685	16	135	246	3,237
2017	강서구	정보통신업	659	102	11,196	7,680	3,516	221	575	426	10,321	10	296	2	4	605	5,455	20	4,845	34	896
2017	강서구	금융 및 보험업	298	49	3,976	1,535	2,441	29	120	218	3,049	51	807	-	-	94	590	14	438	190	2,948
2017	강서구	부동산업	1,909	712	7,006	4,461	2,545	1,365	2,470	261	2,963	13	112	270	1,461	1,806	4,770	12	1,517	91	719
2017	강서구	전문 과학 및 기술 서비스업	989	182	17,291	12,811	4,480	500	1,367	433	14,986	53	931	3	7	793	3,810	79	2,639	117	10,842
2017	강서구	사업시설 관리 사업 지원 및 임대 서비스업	554	151	17,199	9,094	8,105	217	602	320	15,969	10	539	7	89	437	9,755	43	5,221	74	2,223
2017	강서구	공공행정 국방 및 사회보장 행정	57	5	3,267	2,087	1,180	-	-	-	-	57	3,267	-	-	55	2,982	1	213	1	72
2017	강서구	교육 서비스업	1,787	1,083	13,832	4,471	9,361	1,515	4,633	110	1,544	138	7,465	24	190	1,673	10,340	15	655	99	2,837
2017	강서구	보건업 및 사회복지 서비스업	1,542	746	17,902	2,871	15,031	1,268	10,550	11	368	99	3,747	164	3,237	1,458	15,196	17	614	67	2,092
2017	강서구	예술 스포츠 및 여가관련 서비스업	1,176	513	3,498	1,819	1,679	1,046	2,377	49	435	33	502	48	184	1,139	2,967	4	72	33	459
2017	강서구	협회 및 단체 수리 및 기타 개인 서비스업	3,684	1,905	9,229	4,762	4,467	2,779	5,280	95	1,552	123	935	687	1,462	3,593	7,806	22	521	69	902
2017	구로구	합계	38,405	11,298	213,468	122,446	91,022	28,145	66,527	8,729	122,339	659	18,600	872	6,002	35,897	152,474	753	36,221	1,755	24,773
2017	구로구	농업 임업 및 어업	1	-	1	1	-	-	-	1	1	-	-	-	-	1	1	-	-	-	-
2017	구로구	제조업	3,729	540	19,002	13,385	5,617	2,841	7,678	882	11,240	3	69	3	15	3,593	15,012	83	3,378	53	612
2017	구로구	전기 가스 증기 및 공기조절 공급업	7	1	102	96	6	1	2	5	96	1	4	-	-	5	11	1	87	1	4
2017	구로구	수도 하수 및 폐기물 처리 원료 재생업	21	-	219	187	32	2	5	11	184	8	30	-	-	19	153	2	66	-	-
2017	구로구	건설업	1,020	134	11,691	9,996	1,695	515	1,681	501	9,991	3	17	1	2	960	8,849	40	2,595	20	247
2017	구로구	도매 및 소매업	12,201	3,530	40,111	24,112	15,999	8,625	18,217	3,541	21,727	28	146	7	21	11,214	31,521	252	4,042	735	4,548
2017	구로구	운수 및 창고업	4,768	211	9,552	8,678	874	4,599	5,084	129	3,164	36	1,249	4	55	4,700	7,295	17	670	51	1,587
2017	구로구	숙박 및 음식점업	4,688	2,739	14,686	5,231	9,455	4,441	12,151	241	2,518	4	11	2	6	4,498	12,727	12	130	178	1,829
2017	구로구	정보통신업	2,096	281	30,009	21,364	8,645	449	1,210	1,625	28,351	19	436	3	12	1,941	23,938	91	4,916	64	1,155
2017	구로구	금융 및 보험업	480	90	8,392	2,935	5,457	99	198	303	7,370	75	819	3	5	211	1,171	26	1,314	243	5,907
2017	구로구	부동산업	1,320	456	4,381	2,710	1,671	916	1,436	187	1,493	9	46	208	1,406	1,265	3,868	8	59	47	454
2017	구로구	전문 과학 및 기술 서비스업	1,485	205	15,312	10,387	4,925	705	2,708	672	11,361	105	1,240	3	3	1,253	9,343	122	4,340	110	1,629
2017	구로구	사업시설 관리 사업 지원 및 임대 서비스업	697	202	21,935	9,768	12,167	281	803	385	20,908	15	99	16	125	574	7,806	49	12,116	74	2,013
2017	구로구	공공행정 국방 및 사회보장 행정	46	2	4,061	2,635	1,426	-	-	-	-	46	4,061	-	-	45	4,054	-	-	1	7
2017	구로구	교육 서비스업	1,204	676	10,481	3,615	6,866	934	2,523	128	2,244	103	5,297	39	417	1,119	7,850	19	1,505	66	1,126
2017	구로구	보건업 및 사회복지 서비스업	1,124	518	13,889	2,485	11,404	921	7,222	11	323	72	3,973	120	2,371	1,085	10,634	12	542	27	2,713
2017	구로구	예술 스포츠 및 여가관련 서비스업	888	372	2,403	1,322	1,081	805	1,722	46	341	24	266	13	74	860	2,121	3	33	25	249
2017	구로구	협회 및 단체 수리 및 기타 개인 서비스업	2,630	1,341	7,241	3,539	3,702	2,011	3,887	61	1,027	108	837	450	1,490	2,554	6,120	16	428	60	693
2017	금천구	합계	31,750	8,611	228,000	142,168	85,832	20,307	54,586	10,281	159,968	531	10,311	631	3,135	29,176	157,419	878	44,413	1,696	26,168
2017	금천구	농업 임업 및 어업	1	-	4	2	2	-	-	1	4	-	-	-	-	1	4	-	-	-	-
2017	금천구	광업	2	-	3	3	-	-	-	2	3	-	-	-	-	2	3	-	-	-	-
2017	금천구	제조업	5,412	1,025	40,151	25,790	14,361	3,402	12,708	1,997	27,251	11	182	2	10	5,109	32,969	168	5,195	135	1,987
2017	금천구	전기 가스 증기 및 공기조절 공급업	6	-	15	12	3	3	6	3	9	-	-	-	-	6	15	-	-	-	-
2017	금천구	수도 하수 및 폐기물 처리 원료 재생업	27	-	305	285	20	6	8	14	210	7	87	-	-	22	228	3	72	2	5
2017	금천구	건설업	1,130	152	15,891	14,025	1,866	512	1,621	616	14,266	1	1	1	3	1,057	11,889	37	3,419	36	583
2017	금천구	도매 및 소매업	8,948	2,644	41,969	25,024	16,945	5,602	12,731	3,328	29,179	17	54	1	5	8,020	27,503	281	9,705	647	4,761
2017	금천구	운수 및 창고업	2,824	155	9,589	8,257	1,332	2,589	3,497	206	5,846	26	216	3	30	2,727	7,116	21	726	76	1,747
2017	금천구	숙박 및 음식점업	3,318	1,959	10,293	3,443	6,850	3,147	8,678	165	1,589	2	8	4	18	3,180	9,009	4	33	134	1,251
2017	금천구	정보통신업	2,441	299	36,266	25,183	11,083	522	1,733	1,909	34,463	10	70	-	-	2,254	24,431	99	8,930	88	2,905
2017	금천구	금융 및 보험업	227	27	2,505	1,326	1,179	32	81	144	1,777	48	643	3	4	111	589	10	224	106	1,692
2017	금천구	부동산업	984	289	3,114	2,150	964	690	1,074	222	1,662	6	8	66	370	931	2,585	11	57	42	472
2017	금천구	전문 과학 및 기술 서비스업	1,922	232	26,071	18,188	7,883	713	2,612	1,096	21,626	109	1,818	4	15	1,565	13,757	156	7,031	201	5,283
2017	금천구	사업시설 관리 사업 지원 및 임대 서비스업	610	123	20,864	10,687	10,177	206	693	360	19,612	10	218	34	341	465	9,463	43	7,803	102	3,598
2017	금천구	공공행정 국방 및 사회보장 행정	32	6	1,908	1,155	753	-	-	-	-	32	1,908	-	-	30	1,899	-	-	2	9
2017	금천구	교육 서비스업	675	340	5,452	1,761	3,691	467	1,290	107	1,081	76	2,809	25	272	613	4,173	20	558	42	721
2017	금천구	보건업 및 사회복지 서비스업	692	275	7,229	1,220	6,009	527	4,360	7	112	46	1,435	112	1,322	659	6,288	8	391	25	550
2017	금천구	예술 스포츠 및 여가관련 서비스업	588	270	1,464	766	698	538	1,089	27	218	13	137	10	20	570	1,285	1	7	17	172
2017	금천구	협회 및 단체 수리 및 기타 개인 서비스업	1,911	815	4,907	2,891	2,016	1,351	2,405	77	1,060	117	717	366	725	1,854	4,213	16	262	41	432
2017	영등포구	합계	43,163	12,955	362,800	210,507	152,293	30,722	74,751	10,299	236,442	1,219	44,918	923	6,689	39,572	197,266	1,160	117,811	2,431	47,723
2017	영등포구	광업	2	-	19	19	-	-	-	2	19	-	-	-	-	2	19	-	-	-	-
2017	영등포구	제조업	4,186	601	14,084	10,002	4,082	3,609	8,660	570	5,305	6	117	1	2	4,085	12,148	57	1,225	44	711
2017	영등포구	전기 가스 증기 및 공기조절 공급업	9	-	761	554	207	-	-	5	245	4	516	-	-	2	3	1	196	6	562
2017	영등포구	수도 하수 및 폐기물 처리 원료 재생업	23	3	628	550	78	6	12	14	510	3	106	-	-	18	362	3	241	2	25
2017	영등포구	건설업	1,372	220	23,440	19,993	3,447	629	1,708	742	21,731	-	-	1	1	1,290	13,696	44	9,152	38	592
2017	영등포구	도매 및 소매업	11,581	3,533	51,856	30,743	21,113	8,086	16,793	3,444	34,555	43	484	8	24	10,530	31,732	327	12,552	724	7,572
2017	영등포구	운수 및 창고업	4,094	188	12,233	9,647	2,586	3,670	4,155	331	6,726	86	1,270	7	82	3,922	7,786	67	2,953	105	1,494
2017	영등포구	숙박 및 음식점업	7,003	3,888	25,853	9,644	16,209	6,340	18,034	643	7,671	16	139	4	9	6,463	19,387	36	367	504	6,099
2017	영등포구	정보통신업	1,785	289	28,943	21,209	7,734	527	1,503	1,227	23,769	27	3,663	4	8	1,669	17,828	63	8,949	53	2,166
2017	영등포구	금융 및 보험업	1,158	155	54,040	31,126	22,914	154	462	879	45,750	121	7,820	4	8	656	10,816	104	32,158	398	11,066
2017	영등포구	부동산업	1,849	541	11,132	7,645	3,487	1,200	2,083	382	6,633	34	320	233	2,096	1,745	5,870	35	3,993	69	1,269
2017	영등포구	전문 과학 및 기술 서비스업	2,310	364	30,977	20,636	10,341	1,007	3,013	1,059	21,206	229	6,687	15	71	1,951	12,987	185	15,527	174	2,463
2017	영등포구	사업시설 관리 사업 지원 및 임대 서비스업	1,120	301	58,775	28,114	30,661	405	955	682	57,452	19	198	14	170	903	25,363	106	26,255	111	7,157
2017	영등포구	공공행정 국방 및 사회보장 행정	67	7	8,676	5,587	3,089	-	-	-	-	67	8,676	-	-	66	8,670	-	-	1	6
2017	영등포구	교육 서비스업	1,251	655	9,054	2,885	6,169	945	2,693	140	1,543	114	4,362	52	456	1,169	7,475	26	689	56	890
2017	영등포구	보건업 및 사회복지 서비스업	1,201	480	16,182	3,449	12,733	1,001	8,293	8	57	76	6,314	116	1,518	1,146	11,371	16	759	39	4,052
2017	영등포구	예술 스포츠 및 여가관련 서비스업	1,096	455	3,956	2,039	1,917	971	1,971	74	864	37	1,032	14	89	1,048	3,102	11	148	37	706
2017	영등포구	협회 및 단체 수리 및 기타 개인 서비스업	3,056	1,275	12,191	6,665	5,526	2,172	4,416	97	2,406	337	3,214	450	2,155	2,907	8,651	79	2,647	70	893
2017	동작구	합계	19,966	7,824	110,422	53,384	57,038	16,785	40,820	1,900	42,375	520	22,887	761	4,340	18,880	71,151	207	21,634	879	17,637
2017	동작구	광업	1	-	2	2	-	-	-	1	2	-	-	-	-	1	2	-	-	-	-
2017	동작구	제조업	651	214	2,228	1,112	1,116	584	1,542	64	596	3	90	-	-	641	2,032	4	44	6	152
2017	동작구	전기 가스 증기 및 공기조절 공급업	3	-	142	119	23	-	-	2	53	1	89	-	-	-	-	-	-	3	142
2017	동작구	수도 하수 및 폐기물 처리 원료 재생업	14	1	435	366	69	1	4	10	217	3	214	-	-	13	401	1	34	-	-
2017	동작구	건설업	569	60	4,921	4,325	596	388	1,043	181	3,878	-	-	-	-	551	4,600	7	189	11	132
2017	동작구	도매 및 소매업	4,689	1,894	14,990	8,048	6,942	4,037	9,260	629	5,599	22	129	1	2	4,375	11,269	76	1,665	238	2,056
2017	동작구	운수 및 창고업	2,115	101	3,290	2,890	400	2,059	2,279	38	651	16	351	2	9	2,085	2,691	1	3	29	596
2017	동작구	숙박 및 음식점업	4,143	2,258	12,907	5,159	7,748	3,964	11,130	161	1,587	11	151	7	39	4,010	11,553	10	93	123	1,261
2017	동작구	정보통신업	240	47	4,182	2,615	1,567	90	252	140	3,644	8	278	2	8	219	1,966	9	1,869	12	347
2017	동작구	금융 및 보험업	199	36	3,558	1,559	1,999	15	32	136	2,877	48	649	-	-	50	375	11	324	138	2,859
2017	동작구	부동산업	1,203	432	5,348	2,523	2,825	928	1,527	108	2,452	19	217	148	1,152	1,167	4,569	6	414	30	365
2017	동작구	전문 과학 및 기술 서비스업	414	73	6,640	3,802	2,838	244	671	134	5,077	34	889	2	3	356	1,789	27	4,320	31	531
2017	동작구	사업시설 관리 사업 지원 및 임대 서비스업	323	89	12,877	5,186	7,691	187	400	130	12,432	5	43	1	2	278	4,312	18	6,566	27	1,999
2017	동작구	공공행정 국방 및 사회보장 행정	44	4	3,217	2,115	1,102	-	-	-	-	44	3,217	-	-	44	3,217	-	-	-	-
2017	동작구	교육 서비스업	1,215	673	15,448	6,934	8,514	939	2,596	120	2,646	122	9,920	34	286	1,079	6,372	16	5,627	120	3,449
2017	동작구	보건업 및 사회복지 서비스업	1,010	443	12,622	2,722	9,900	812	5,234	4	88	76	5,458	118	1,842	947	9,348	12	355	51	2,919
2017	동작구	예술 스포츠 및 여가관련 서비스업	812	320	2,600	1,450	1,150	750	1,855	24	157	22	535	16	53	790	2,211	-	-	22	389
2017	동작구	협회 및 단체 수리 및 기타 개인 서비스업	2,321	1,179	5,015	2,457	2,558	1,787	2,995	18	419	86	657	430	944	2,274	4,444	9	131	38	440
2017	관악구	합계	26,374	9,756	115,390	60,398	54,992	22,809	55,818	2,064	34,304	578	19,112	923	6,156	25,214	88,405	184	13,744	976	13,241
2017	관악구	광업	1	-	5	5	-	-	-	1	5	-	-	-	-	1	5	-	-	-	-
2017	관악구	제조업	1,350	402	5,480	2,577	2,903	1,241	4,288	107	1,182	-	-	2	10	1,333	4,926	11	513	6	41
2017	관악구	수도 하수 및 폐기물 처리 원료 재생업	12	3	171	149	22	2	5	10	166	-	-	-	-	11	146	1	25	-	-
2017	관악구	건설업	695	74	9,125	7,967	1,158	465	1,167	229	7,957	1	1	-	-	676	7,486	9	1,408	10	231
2017	관악구	도매 및 소매업	5,164	2,238	16,347	8,032	8,315	4,445	10,244	687	4,927	27	156	5	1,020	4,769	12,975	47	723	348	2,649
2017	관악구	운수 및 창고업	4,089	152	6,609	6,284	325	4,037	4,369	40	2,099	10	136	2	5	4,068	5,802	7	500	14	307
2017	관악구	숙박 및 음식점업	5,640	3,069	17,322	7,130	10,192	5,458	14,781	166	2,023	13	508	3	10	5,499	15,079	11	323	130	1,920
2017	관악구	정보통신업	299	48	3,124	2,161	963	119	325	160	2,420	16	336	4	43	276	2,353	6	29	17	742
2017	관악구	금융 및 보험업	180	22	2,182	896	1,286	19	25	106	1,531	55	626	-	-	59	334	8	155	113	1,693
2017	관악구	부동산업	1,402	434	3,960	2,603	1,357	1,197	2,281	94	859	9	54	102	766	1,371	3,485	5	121	26	354
2017	관악구	전문 과학 및 기술 서비스업	586	72	4,725	2,938	1,787	329	955	152	2,857	89	858	16	55	507	2,660	21	1,222	58	843
2017	관악구	사업시설 관리 사업 지원 및 임대 서비스업	347	104	6,590	3,744	2,846	200	631	130	5,783	8	133	9	43	295	3,503	11	1,518	41	1,569
2017	관악구	공공행정 국방 및 사회보장 행정	50	2	3,763	2,520	1,243	-	-	-	-	50	3,763	-	-	50	3,763	-	-	-	-
2017	관악구	교육 서비스업	1,227	672	15,100	6,714	8,386	970	2,871	99	1,463	112	10,481	46	285	1,134	6,941	18	6,623	75	1,536
2017	관악구	보건업 및 사회복지 서비스업	1,172	484	11,432	1,896	9,536	953	7,438	8	286	64	1,163	147	2,545	1,123	10,560	8	244	41	628
2017	관악구	예술 스포츠 및 여가관련 서비스업	1,068	448	3,088	1,731	1,357	979	2,287	39	356	21	307	29	138	1,032	2,724	7	57	29	307
2017	관악구	협회 및 단체 수리 및 기타 개인 서비스업	3,092	1,532	6,367	3,051	3,316	2,395	4,151	36	390	103	590	558	1,236	3,010	5,663	14	283	68	421
2017	서초구	합계	46,207	14,783	436,763	262,455	174,308	28,787	84,943	14,399	295,372	2,040	50,507	981	5,941	41,452	251,999	1,726	123,392	3,029	61,372
2017	서초구	농업 임업 및 어업	4	1	29	25	4	-	-	4	29	-	-	-	-	4	29	-	-	-	-
2017	서초구	광업	2	1	5	3	2	-	-	2	5	-	-	-	-	1	3	1	2	-	-
2017	서초구	제조업	1,064	312	5,666	3,177	2,489	653	1,587	406	4,023	5	56	-	-	973	3,579	54	1,874	37	213
2017	서초구	전기 가스 증기 및 공기조절 공급업	13	1	146	93	53	-	-	9	24	3	117	1	5	9	27	-	-	4	119
2017	서초구	수도 하수 및 폐기물 처리 원료 재생업	16	1	285	254	31	1	10	12	270	3	5	-	-	12	209	2	70	2	6
2017	서초구	건설업	1,805	262	69,230	61,622	7,608	558	1,646	1,246	67,581	1	3	-	-	1,625	43,126	108	22,793	72	3,311
2017	서초구	도매 및 소매업	12,253	4,179	68,309	40,534	27,775	7,639	16,258	4,547	51,512	60	517	7	22	10,886	33,933	499	21,750	868	12,626
2017	서초구	운수 및 창고업	1,390	127	8,717	7,404	1,313	1,052	1,445	319	6,106	16	1,126	3	40	1,284	4,784	41	2,438	65	1,495
2017	서초구	숙박 및 음식점업	6,728	3,445	31,508	12,848	18,660	5,861	20,794	845	10,491	15	181	7	42	6,069	23,806	62	905	597	6,797
2017	서초구	정보통신업	2,201	337	29,731	21,115	8,616	494	1,364	1,668	27,221	35	1,137	4	9	2,075	22,292	61	5,500	65	1,939
2017	서초구	금융 및 보험업	941	151	18,249	9,930	8,319	120	203	739	15,873	79	2,169	3	4	502	2,925	38	7,632	401	7,692
2017	서초구	부동산업	3,153	865	13,460	9,079	4,381	1,913	4,161	929	6,549	39	171	272	2,579	3,004	10,739	71	1,890	78	831
2017	서초구	전문 과학 및 기술 서비스업	6,303	825	64,040	41,983	22,057	3,322	10,984	2,011	39,024	951	13,799	19	233	5,452	33,841	487	17,401	364	12,798
2017	서초구	사업시설 관리 사업 지원 및 임대 서비스업	1,296	356	56,251	25,241	31,010	440	1,300	813	54,661	17	132	26	158	1,077	19,756	113	34,612	106	1,883
2017	서초구	공공행정 국방 및 사회보장 행정	67	8	11,070	6,900	4,170	-	-	-	-	66	11,025	1	45	63	10,144	1	688	3	238
2017	서초구	교육 서비스업	2,529	1,253	21,284	7,897	13,387	1,779	5,342	540	8,277	161	7,457	49	208	2,290	14,025	76	3,256	163	4,003
2017	서초구	보건업 및 사회복지 서비스업	1,672	616	19,747	4,275	15,472	1,503	11,757	18	91	107	7,544	44	355	1,599	13,170	16	1,024	57	5,553
2017	서초구	예술 스포츠 및 여가관련 서비스업	1,328	527	6,077	3,089	2,988	1,081	2,703	157	1,127	48	1,967	42	280	1,265	5,427	16	171	47	479
2017	서초구	협회 및 단체 수리 및 기타 개인 서비스업	3,442	1,516	12,959	6,986	5,973	2,371	5,389	134	2,508	434	3,101	503	1,961	3,262	10,184	80	1,386	100	1,389
2017	강남구	합계	72,511	22,549	679,047	379,008	300,039	41,571	138,832	27,660	474,193	2,110	58,666	1,170	7,356	63,896	387,341	3,231	195,688	5,384	96,018
2017	강남구	농업 임업 및 어업	1	-	2	2	-	-	-	1	2	-	-	-	-	1	2	-	-	-	-
2017	강남구	광업	3	-	10	8	2	-	-	3	10	-	-	-	-	3	10	-	-	-	-
2017	강남구	제조업	1,707	549	14,910	7,038	7,872	1,038	2,750	662	12,045	5	93	2	22	1,543	5,900	116	7,146	48	1,864
2017	강남구	전기 가스 증기 및 공기조절 공급업	25	1	1,052	860	192	-	-	21	847	4	205	-	-	14	38	4	653	7	361
2017	강남구	수도 하수 및 폐기물 처리 원료 재생업	24	-	856	720	136	3	5	20	722	1	129	-	-	19	694	4	91	1	71
2017	강남구	건설업	2,071	336	55,618	46,553	9,065	612	1,798	1,458	53,817	1	3	-	-	1,868	36,811	123	17,138	80	1,669
2017	강남구	도매 및 소매업	17,274	5,903	133,772	74,081	59,691	8,740	21,204	8,481	112,311	46	209	7	48	14,361	57,497	1,182	50,819	1,731	25,456
2017	강남구	운수 및 창고업	3,092	157	11,093	8,804	2,289	2,638	3,349	314	6,257	130	1,428	10	59	2,876	6,859	89	3,002	127	1,232
2017	강남구	숙박 및 음식점업	11,074	5,193	56,982	25,232	31,750	9,249	35,452	1,806	21,399	12	92	7	39	9,802	40,814	171	3,894	1,101	12,274
2017	강남구	정보통신업	4,662	697	58,867	39,511	19,356	907	2,356	3,716	55,411	33	1,039	6	61	4,343	42,945	191	11,900	128	4,022
2017	강남구	금융 및 보험업	1,951	262	35,865	20,161	15,704	221	340	1,578	32,396	124	3,065	28	64	1,093	6,793	95	11,202	763	17,870
2017	강남구	부동산업	5,686	1,462	29,287	19,341	9,946	3,268	7,512	2,043	16,668	47	1,805	328	3,302	5,370	21,113	139	5,564	177	2,610
2017	강남구	전문 과학 및 기술 서비스업	8,798	1,595	103,202	64,309	38,893	3,520	12,283	4,466	71,057	769	19,710	43	152	7,703	62,040	660	34,247	435	6,915
2017	강남구	사업시설 관리 사업 지원 및 임대 서비스업	2,093	607	71,474	34,711	36,763	659	2,137	1,390	68,678	27	595	17	64	1,775	29,125	168	35,961	150	6,388
2017	강남구	공공행정 국방 및 사회보장 행정	57	4	6,052	3,687	2,365	-	-	-	-	57	6,052	-	-	55	5,966	-	-	2	86
2017	강남구	교육 서비스업	3,850	1,760	29,001	11,381	17,620	2,592	8,304	1,037	12,826	169	7,264	52	607	3,377	19,116	143	3,959	330	5,926
2017	강남구	보건업 및 사회복지 서비스업	3,057	831	39,254	8,457	30,797	2,803	25,031	44	610	146	12,637	64	976	2,940	27,043	30	6,834	87	5,377
2017	강남구	예술 스포츠 및 여가관련 서비스업	1,833	626	8,557	4,822	3,735	1,438	3,775	326	3,591	49	1,133	20	58	1,717	5,854	27	898	89	1,805
2017	강남구	협회 및 단체 수리 및 기타 개인 서비스업	5,253	2,566	23,193	9,330	13,863	3,883	12,536	294	5,546	490	3,207	586	1,904	5,036	18,721	89	2,380	128	2,092
2017	송파구	합계	46,676	15,751	329,447	198,578	130,869	33,513	86,778	10,952	197,654	994	36,261	1,217	8,754	43,186	206,228	968	76,443	2,522	46,776
2017	송파구	농업 임업 및 어업	9	1	315	259	56	-	-	5	125	4	190	-	-	6	22	2	284	1	9
2017	송파구	광업	2	-	5	4	1	-	-	2	5	-	-	-	-	-	-	2	5	-	-
2017	송파구	제조업	1,487	348	8,803	5,360	3,443	1,066	2,947	410	5,793	9	45	2	18	1,390	5,698	60	2,789	37	316
2017	송파구	전기 가스 증기 및 공기조절 공급업	9	1	25	20	5	-	-	9	25	-	-	-	-	9	25	-	-	-	-
2017	송파구	수도 하수 및 폐기물 처리 원료 재생업	30	5	622	544	78	-	-	20	575	10	47	-	-	26	489	2	114	2	19
2017	송파구	건설업	1,887	264	45,141	40,010	5,131	766	2,646	1,119	42,476	2	19	-	-	1,772	33,755	63	10,660	52	726
2017	송파구	도매 및 소매업	13,728	4,793	58,913	33,548	25,365	8,379	19,568	5,295	38,996	44	303	10	46	12,410	37,994	385	12,057	933	8,862
2017	송파구	운수 및 창고업	5,746	274	15,124	13,920	1,204	5,560	5,961	150	8,467	34	684	2	12	5,681	11,662	20	2,347	45	1,115
2017	송파구	숙박 및 음식점업	7,032	3,646	28,346	11,575	16,771	6,304	19,942	715	8,237	7	138	6	29	6,500	21,371	39	441	493	6,534
2017	송파구	정보통신업	776	135	23,646	17,337	6,309	203	469	549	22,549	21	625	3	3	718	6,650	26	15,653	32	1,343
2017	송파구	금융 및 보험업	522	82	8,764	4,470	4,294	55	187	387	5,794	76	2,778	4	5	191	1,170	18	2,020	313	5,574
2017	송파구	부동산업	2,486	867	13,280	8,653	4,627	1,802	3,487	419	6,999	23	576	242	2,218	2,401	8,399	45	4,099	40	782
2017	송파구	전문 과학 및 기술 서비스업	2,165	289	25,352	18,226	7,126	1,032	3,526	971	20,368	157	1,443	5	15	1,846	13,456	147	8,187	172	3,709
2017	송파구	사업시설 관리 사업 지원 및 임대 서비스업	800	196	31,046	18,275	12,771	302	1,409	481	29,242	9	305	8	90	656	14,921	62	13,969	82	2,156
2017	송파구	공공행정 국방 및 사회보장 행정	71	13	6,687	4,379	2,308	-	-	-	-	71	6,687	-	-	70	6,424	1	263	-	-
2017	송파구	교육 서비스업	2,299	1,283	18,803	6,360	12,443	1,881	6,098	220	3,140	137	8,799	61	766	2,139	13,763	39	1,732	121	3,308
2017	송파구	보건업 및 사회복지 서비스업	1,781	792	25,071	5,414	19,657	1,563	10,640	9	171	80	10,634	129	3,626	1,729	15,821	10	390	42	8,860
2017	송파구	예술 스포츠 및 여가관련 서비스업	1,622	692	8,597	4,872	3,725	1,440	3,388	84	3,389	69	1,611	29	209	1,560	5,097	14	852	48	2,648
2017	송파구	협회 및 단체 수리 및 기타 개인 서비스업	4,224	2,070	10,907	5,352	5,555	3,160	6,510	107	1,303	241	1,377	716	1,717	4,082	9,511	33	581	109	815
2017	강동구	합계	29,952	10,466	146,512	77,578	68,934	25,439	61,575	3,195	60,815	509	19,940	809	4,182	28,517	102,866	274	21,267	1,161	22,379
2017	강동구	농업 임업 및 어업	4	2	48	41	7	-	-	4	48	-	-	-	-	3	29	1	19	-	-
2017	강동구	제조업	1,566	396	6,508	3,528	2,980	1,371	4,197	190	2,256	5	55	-	-	1,531	5,525	21	405	14	578
2017	강동구	전기 가스 증기 및 공기조절 공급업	3	-	94	69	25	-	-	2	8	1	86	-	-	1	2	-	-	2	92
2017	강동구	수도 하수 및 폐기물 처리 원료 재생업	15	3	511	406	105	2	8	8	226	5	277	-	-	14	463	1	48	-	-
2017	강동구	건설업	1,072	152	17,302	14,727	2,575	615	2,037	456	15,258	1	7	-	-	1,039	11,037	17	5,957	16	308
2017	강동구	도매 및 소매업	6,897	2,819	24,610	12,873	11,737	5,614	12,892	1,254	11,586	27	128	2	4	6,411	17,576	95	3,374	391	3,660
2017	강동구	운수 및 창고업	5,597	194	9,738	9,077	661	5,507	5,829	60	3,356	30	553	-	-	5,554	8,603	3	387	40	748
2017	강동구	숙박 및 음식점업	4,885	2,701	15,466	6,026	9,440	4,694	13,370	177	2,026	10	58	4	12	4,741	13,730	9	71	135	1,665
2017	강동구	정보통신업	257	43	2,043	1,322	721	119	309	129	1,483	8	247	1	4	243	1,438	5	436	9	169
2017	강동구	금융 및 보험업	278	52	4,141	1,337	2,804	38	170	192	3,330	47	637	1	4	71	452	11	333	196	3,356
2017	강동구	부동산업	1,531	540	4,286	2,774	1,512	1,184	2,074	146	859	17	89	184	1,264	1,484	3,889	5	62	42	335
2017	강동구	전문 과학 및 기술 서비스업	602	93	5,909	4,238	1,671	364	1,044	203	4,581	33	272	2	12	516	3,575	38	1,893	48	441
2017	강동구	사업시설 관리 사업 지원 및 임대 서비스업	431	127	13,764	6,491	7,273	228	646	187	12,713	11	382	5	23	353	4,982	33	6,923	45	1,859
2017	강동구	공공행정 국방 및 사회보장 행정	46	3	3,534	1,927	1,607	-	-	-	-	46	3,534	-	-	44	3,521	1	2	1	11
2017	강동구	교육 서비스업	1,479	794	11,239	3,709	7,530	1,265	3,826	103	1,585	95	5,752	16	76	1,389	8,656	13	510	77	2,073
2017	강동구	보건업 및 사회복지 서비스업	1,234	503	17,337	4,290	13,047	1,075	8,849	6	119	78	6,712	75	1,657	1,169	11,122	8	171	57	6,044
2017	강동구	예술 스포츠 및 여가관련 서비스업	969	420	3,112	1,690	1,422	914	2,297	29	224	23	578	3	13	943	2,542	5	100	21	470
2017	강동구	협회 및 단체 수리 및 기타 개인 서비스업	3,086	1,624	6,870	3,053	3,817	2,449	4,027	49	1,157	72	573	516	1,113	3,011	5,724	8	576	67	570